id,name,email,twitter,group,group_id,area,chamber,term,start_date,end_date,image,gender
5509a91c273a3904f6e72246,Adam Abramowicz,,,Prawo i Sprawiedliwość,5509a91d273a3904f6e7228e,,Sejm,5509a8fb273a3904f6e71a64,,,http://files.parldata.eu/pl/sejm/people/5509a91c273a3904f6e72246/image.jpeg,male
5509a913273a3904f6e72032,Adam Hofman,,,Niezrzeszeni,5509a91d273a3904f6e72298,,Sejm,5509a8fb273a3904f6e71a64,,,http://files.parldata.eu/pl/sejm/people/5509a913273a3904f6e72032/image.jpeg,male
5509a90f273a3904f6e71f2a,Adam Kwiatkowski,,,Prawo i Sprawiedliwość,5509a91d273a3904f6e7228e,,Sejm,5509a8fb273a3904f6e71a64,,,http://files.parldata.eu/pl/sejm/people/5509a90f273a3904f6e71f2a/image.jpeg,male
5509a90f273a3904f6e71f1e,Adam Kępiński,,,Sojusz Lewicy Demokratycznej,5509a91d273a3904f6e72290,,Sejm,5509a8fb273a3904f6e71a64,,,http://files.parldata.eu/pl/sejm/people/5509a90f273a3904f6e71f1e/image.jpeg,male
5509a90e273a3904f6e71ef6,Adam Lipiński,,,Prawo i Sprawiedliwość,5509a91d273a3904f6e7228e,,Sejm,5509a8fb273a3904f6e71a64,,,http://files.parldata.eu/pl/sejm/people/5509a90e273a3904f6e71ef6/image.jpeg,male
5509a908273a3904f6e71d6a,Adam Rogacki,,,Niezrzeszeni,5509a91d273a3904f6e72298,,Sejm,5509a8fb273a3904f6e71a64,,,http://files.parldata.eu/pl/sejm/people/5509a908273a3904f6e71d6a/image.jpeg,male
5509a907273a3904f6e71d3e,Adam Rybakowicz,,,Ruch Palikota,5509a91d273a3904f6e7229a,,Sejm,5509a8fb273a3904f6e71a64,,,http://files.parldata.eu/pl/sejm/people/5509a907273a3904f6e71d3e/image.jpeg,male
5509a907273a3904f6e71d3e,Adam Rybakowicz,,,Niezrzeszeni,5509a91d273a3904f6e72298,,Sejm,5509a8fb273a3904f6e71a64,,,http://files.parldata.eu/pl/sejm/people/5509a907273a3904f6e71d3e/image.jpeg,male
5509a905273a3904f6e71cb6,Adam Szejnfeld,,,Platforma Obywatelska,5509a91d273a3904f6e7228c,,Sejm,5509a8fb273a3904f6e71a64,,,http://files.parldata.eu/pl/sejm/people/5509a905273a3904f6e71cb6/image.jpeg,male
5509a8ff273a3904f6e71b4a,Adam Żyliński,,,Platforma Obywatelska,5509a91d273a3904f6e7228c,,Sejm,5509a8fb273a3904f6e71a64,,,http://files.parldata.eu/pl/sejm/people/5509a8ff273a3904f6e71b4a/image.jpeg,male
5509a914273a3904f6e72046,Agnieszka Hanajczyk,,,Platforma Obywatelska,5509a91d273a3904f6e7228c,,Sejm,5509a8fb273a3904f6e71a64,,,http://files.parldata.eu/pl/sejm/people/5509a914273a3904f6e72046/image.jpeg,female
5509a910273a3904f6e71f76,Agnieszka Kozłowska-Rajewicz,,,Platforma Obywatelska,5509a91d273a3904f6e7228c,,Sejm,5509a8fb273a3904f6e71a64,,,http://files.parldata.eu/pl/sejm/people/5509a910273a3904f6e71f76/image.jpeg,female
5509a910273a3904f6e71f7e,Agnieszka Kołacz-Leszczyńska,,,Platforma Obywatelska,5509a91d273a3904f6e7228c,,Sejm,5509a8fb273a3904f6e71a64,,,http://files.parldata.eu/pl/sejm/people/5509a910273a3904f6e71f7e/image.jpeg,female
5509a909273a3904f6e71da6,Agnieszka Pomaska,,,Platforma Obywatelska,5509a91d273a3904f6e7228c,,Sejm,5509a8fb273a3904f6e71a64,,,http://files.parldata.eu/pl/sejm/people/5509a909273a3904f6e71da6/image.jpeg,female
5509a90c273a3904f6e71e62,Aldona Młyńczak,,,Platforma Obywatelska,5509a91d273a3904f6e7228c,,Sejm,5509a8fb273a3904f6e71a64,,,http://files.parldata.eu/pl/sejm/people/5509a90c273a3904f6e71e62/image.jpeg,female
5509a914273a3904f6e72082,Aleksander Grad,,,Platforma Obywatelska,5509a91d273a3904f6e7228c,,Sejm,5509a8fb273a3904f6e71a64,,,http://files.parldata.eu/pl/sejm/people/5509a914273a3904f6e72082/image.jpeg,male
5509a905273a3904f6e71cca,Aleksander Sosna,,,Platforma Obywatelska,5509a91d273a3904f6e7228c,,Sejm,5509a8fb273a3904f6e71a64,,,http://files.parldata.eu/pl/sejm/people/5509a905273a3904f6e71cca/image.jpeg,male
5509a903273a3904f6e71c4a,Aleksandra Trybuś-Cieślar,,,Platforma Obywatelska,5509a91d273a3904f6e7228c,,Sejm,5509a8fb273a3904f6e71a64,,,http://files.parldata.eu/pl/sejm/people/5509a903273a3904f6e71c4a/image.jpeg,female
5509a916273a3904f6e72102,Alicja Dąbrowska,,,Platforma Obywatelska,5509a91d273a3904f6e7228c,,Sejm,5509a8fb273a3904f6e71a64,,,http://files.parldata.eu/pl/sejm/people/5509a916273a3904f6e72102/image.jpeg,female
5509a90b273a3904f6e71e26,Alicja Olechowska,,,Platforma Obywatelska,5509a91d273a3904f6e7228c,,Sejm,5509a8fb273a3904f6e71a64,,,http://files.parldata.eu/pl/sejm/people/5509a90b273a3904f6e71e26/image.jpeg,female
5509a91c273a3904f6e7223e,Andrzej Adamczyk,,,Prawo i Sprawiedliwość,5509a91d273a3904f6e7228e,,Sejm,5509a8fb273a3904f6e71a64,,,http://files.parldata.eu/pl/sejm/people/5509a91c273a3904f6e7223e/image.jpeg,male
5509a91a273a3904f6e721de,Andrzej Biernat,,,Platforma Obywatelska,5509a91d273a3904f6e7228c,,Sejm,5509a8fb273a3904f6e71a64,,,http://files.parldata.eu/pl/sejm/people/5509a91a273a3904f6e721de/image.jpeg,male
5509a919273a3904f6e7217e,Andrzej Buła,,,Platforma Obywatelska,5509a91d273a3904f6e7228c,,Sejm,5509a8fb273a3904f6e71a64,,,http://files.parldata.eu/pl/sejm/people/5509a919273a3904f6e7217e/image.jpeg,male
5509a919273a3904f6e72196,Andrzej Bętkowski,,,Prawo i Sprawiedliwość,5509a91d273a3904f6e7228e,,Sejm,5509a8fb273a3904f6e71a64,,,http://files.parldata.eu/pl/sejm/people/5509a919273a3904f6e72196/image.jpeg,male
5509a917273a3904f6e7211e,Andrzej Czerwiński,,,Platforma Obywatelska,5509a91d273a3904f6e7228c,,Sejm,5509a8fb273a3904f6e71a64,,,http://files.parldata.eu/pl/sejm/people/5509a917273a3904f6e7211e/image.jpeg,male
5509a917273a3904f6e72136,Andrzej Dera,,,Zjednoczona Prawica,550ff3d3273a3974baf6b76b,,Sejm,5509a8fb273a3904f6e71a64,,,http://files.parldata.eu/pl/sejm/people/5509a917273a3904f6e72136/image.jpeg,male
5509a917273a3904f6e72136,Andrzej Dera,,,Klub Parlamentarny Sprawiedliwa Polska,5509a91d273a3904f6e72294,,Sejm,5509a8fb273a3904f6e71a64,,,http://files.parldata.eu/pl/sejm/people/5509a917273a3904f6e72136/image.jpeg,male
5509a916273a3904f6e720fe,Andrzej Duda,,,Prawo i Sprawiedliwość,5509a91d273a3904f6e7228e,,Sejm,5509a8fb273a3904f6e71a64,,,http://files.parldata.eu/pl/sejm/people/5509a916273a3904f6e720fe/image.jpeg,male
5509a8fc273a3904f6e71a86,Andrzej Dąbrowski,,,Zjednoczona Prawica,550ff3d3273a3974baf6b76b,,Sejm,5509a8fb273a3904f6e71a64,,,http://files.parldata.eu/pl/sejm/people/5509a8fc273a3904f6e71a86/image.jpeg,male
5509a8fc273a3904f6e71a86,Andrzej Dąbrowski,,,Klub Parlamentarny Sprawiedliwa Polska,5509a91d273a3904f6e72294,,Sejm,5509a8fb273a3904f6e71a64,,,http://files.parldata.eu/pl/sejm/people/5509a8fc273a3904f6e71a86/image.jpeg,male
5509a916273a3904f6e720d2,Andrzej Gałażewski,,,Platforma Obywatelska,5509a91d273a3904f6e7228c,,Sejm,5509a8fb273a3904f6e71a64,,,http://files.parldata.eu/pl/sejm/people/5509a916273a3904f6e720d2/image.jpeg,male
5509a914273a3904f6e7205a,Andrzej Gut-Mostowy,,,Platforma Obywatelska,5509a91d273a3904f6e7228c,,Sejm,5509a8fb273a3904f6e71a64,,,http://files.parldata.eu/pl/sejm/people/5509a914273a3904f6e7205a/image.jpeg,male
5509a914273a3904f6e7204a,Andrzej Halicki,,,Platforma Obywatelska,5509a91d273a3904f6e7228c,,Sejm,5509a8fb273a3904f6e71a64,,,http://files.parldata.eu/pl/sejm/people/5509a914273a3904f6e7204a/image.jpeg,male
5509a912273a3904f6e71ffe,Andrzej Jaworski,,,Prawo i Sprawiedliwość,5509a91d273a3904f6e7228e,,Sejm,5509a8fb273a3904f6e71a64,,,http://files.parldata.eu/pl/sejm/people/5509a912273a3904f6e71ffe/image.jpeg,male
5509a911273a3904f6e71fb2,Andrzej Kania,,,Platforma Obywatelska,5509a91d273a3904f6e7228c,,Sejm,5509a8fb273a3904f6e71a64,,,http://files.parldata.eu/pl/sejm/people/5509a911273a3904f6e71fb2/image.jpeg,male
5509a90e273a3904f6e71efa,Andrzej Lewandowski,,,Ruch Palikota,5509a91d273a3904f6e7229a,,Sejm,5509a8fb273a3904f6e71a64,,,http://files.parldata.eu/pl/sejm/people/5509a90e273a3904f6e71efa/image.jpeg,male
5509a90e273a3904f6e71efa,Andrzej Lewandowski,,,Niezrzeszeni,5509a91d273a3904f6e72298,,Sejm,5509a8fb273a3904f6e71a64,,,http://files.parldata.eu/pl/sejm/people/5509a90e273a3904f6e71efa/image.jpeg,male
5509a8fd273a3904f6e71ae2,Andrzej Orzechowski,,,Platforma Obywatelska,5509a91d273a3904f6e7228c,,Sejm,5509a8fb273a3904f6e71a64,,,http://files.parldata.eu/pl/sejm/people/5509a8fd273a3904f6e71ae2/image.jpeg,male
5509a909273a3904f6e71dba,Andrzej Piątak,,,Niezrzeszeni,5509a91d273a3904f6e72298,,Sejm,5509a8fb273a3904f6e71a64,,,http://files.parldata.eu/pl/sejm/people/5509a909273a3904f6e71dba/image.jpeg,male
5509a907273a3904f6e71d5a,Andrzej Romanek,,,Klub Parlamentarny Sprawiedliwa Polska,5509a91d273a3904f6e72294,,Sejm,5509a8fb273a3904f6e71a64,,,http://files.parldata.eu/pl/sejm/people/5509a907273a3904f6e71d5a/image.jpeg,male
5509a907273a3904f6e71d5a,Andrzej Romanek,,,Zjednoczona Prawica,550ff3d3273a3974baf6b76b,,Sejm,5509a8fb273a3904f6e71a64,,,http://files.parldata.eu/pl/sejm/people/5509a907273a3904f6e71d5a/image.jpeg,male
5509a907273a3904f6e71d52,Andrzej Rozenek,,,Niezrzeszeni,5509a91d273a3904f6e72298,,Sejm,5509a8fb273a3904f6e71a64,,,http://files.parldata.eu/pl/sejm/people/5509a907273a3904f6e71d52/image.jpeg,male
5509a907273a3904f6e71d52,Andrzej Rozenek,,,Biało-Czerwoni,55a28a14273a390852248077,,Sejm,5509a8fb273a3904f6e71a64,,,http://files.parldata.eu/pl/sejm/people/5509a907273a3904f6e71d52/image.jpeg,male
5509a905273a3904f6e71cd2,Andrzej Smirnow,,,Niezrzeszeni,5509a91d273a3904f6e72298,,Sejm,5509a8fb273a3904f6e71a64,,,http://files.parldata.eu/pl/sejm/people/5509a905273a3904f6e71cd2/image.jpeg,male
5509a905273a3904f6e71cd2,Andrzej Smirnow,,,Prawo i Sprawiedliwość,5509a91d273a3904f6e7228e,,Sejm,5509a8fb273a3904f6e71a64,,,http://files.parldata.eu/pl/sejm/people/5509a905273a3904f6e71cd2/image.jpeg,male
5509a904273a3904f6e71c9e,Andrzej Szlachta,,,Prawo i Sprawiedliwość,5509a91d273a3904f6e7228e,,Sejm,5509a8fb273a3904f6e71a64,,,http://files.parldata.eu/pl/sejm/people/5509a904273a3904f6e71c9e/image.jpeg,male
5509a904273a3904f6e71c9a,Andrzej Sztorc,,,Polskie Stronnictwo Ludowe,5509a91d273a3904f6e72292,,Sejm,5509a8fb273a3904f6e71a64,,,http://files.parldata.eu/pl/sejm/people/5509a904273a3904f6e71c9a/image.jpeg,male
5509a91b273a3904f6e721f6,Anna Bańkowska,,,Sojusz Lewicy Demokratycznej,5509a91d273a3904f6e72290,,Sejm,5509a8fb273a3904f6e71a64,,,http://files.parldata.eu/pl/sejm/people/5509a91b273a3904f6e721f6/image.jpeg,female
5509a905273a3904f6e71ce2,Anna Elżbieta Sobecka,,,Prawo i Sprawiedliwość,5509a91d273a3904f6e7228e,,Sejm,5509a8fb273a3904f6e71a64,,,http://files.parldata.eu/pl/sejm/people/5509a905273a3904f6e71ce2/image.jpeg,female
5509a8fb273a3904f6e71a6a,Anna Fotyga,,,Prawo i Sprawiedliwość,5509a91d273a3904f6e7228e,,Sejm,5509a8fb273a3904f6e71a64,,,http://files.parldata.eu/pl/sejm/people/5509a8fb273a3904f6e71a6a/image.jpeg,female
5509a915273a3904f6e72096,Anna Grodzka,,,Niezrzeszeni,5509a91d273a3904f6e72298,,Sejm,5509a8fb273a3904f6e71a64,,,http://files.parldata.eu/pl/sejm/people/5509a915273a3904f6e72096/image.jpeg,female
5509a90b273a3904f6e71e4e,Anna Nemś,,,Platforma Obywatelska,5509a91d273a3904f6e7228c,,Sejm,5509a8fb273a3904f6e71a64,,,http://files.parldata.eu/pl/sejm/people/5509a90b273a3904f6e71e4e/image.jpeg,female
5509a90b273a3904f6e71e16,Anna Paluch,,,Prawo i Sprawiedliwość,5509a91d273a3904f6e7228e,,Sejm,5509a8fb273a3904f6e71a64,,,http://files.parldata.eu/pl/sejm/people/5509a90b273a3904f6e71e16/image.jpeg,female
5509a900273a3904f6e71ba6,Anna Zalewska,,,Prawo i Sprawiedliwość,5509a91d273a3904f6e7228e,,Sejm,5509a8fb273a3904f6e71a64,,,http://files.parldata.eu/pl/sejm/people/5509a900273a3904f6e71ba6/image.jpeg,female
5509a918273a3904f6e72176,Antoni Błądek,,,Prawo i Sprawiedliwość,5509a91d273a3904f6e7228e,,Sejm,5509a8fb273a3904f6e71a64,,,http://files.parldata.eu/pl/sejm/people/5509a918273a3904f6e72176/image.jpeg,male
5509a90d273a3904f6e71eca,Antoni Macierewicz,,,Prawo i Sprawiedliwość,5509a91d273a3904f6e7228e,,Sejm,5509a8fb273a3904f6e71a64,,,http://files.parldata.eu/pl/sejm/people/5509a90d273a3904f6e71eca/image.jpeg,male
5509a90c273a3904f6e71e6e,Antoni Mężydło,,,Platforma Obywatelska,5509a91d273a3904f6e7228c,,Sejm,5509a8fb273a3904f6e71a64,,,http://files.parldata.eu/pl/sejm/people/5509a90c273a3904f6e71e6e/image.jpeg,male
5509a918273a3904f6e72146,Arkadiusz Czartoryski,,,Prawo i Sprawiedliwość,5509a91d273a3904f6e7228e,,Sejm,5509a8fb273a3904f6e71a64,,,http://files.parldata.eu/pl/sejm/people/5509a918273a3904f6e72146/image.jpeg,male
5509a90e273a3904f6e71eee,Arkadiusz Litwiński,,,Platforma Obywatelska,5509a91d273a3904f6e7228c,,Sejm,5509a8fb273a3904f6e71a64,,,http://files.parldata.eu/pl/sejm/people/5509a90e273a3904f6e71eee/image.jpeg,male
5509a8fb273a3904f6e71a6e,Arkady Fiedler,,,Platforma Obywatelska,5509a91d273a3904f6e7228c,,Sejm,5509a8fb273a3904f6e71a64,,,http://files.parldata.eu/pl/sejm/people/5509a8fb273a3904f6e71a6e/image.jpeg,male
5509a907273a3904f6e71d36,Armand Kamil Ryfiński,,,Niezrzeszeni,5509a91d273a3904f6e72298,,Sejm,5509a8fb273a3904f6e71a64,,,http://files.parldata.eu/pl/sejm/people/5509a907273a3904f6e71d36/image.jpeg,male
5509a907273a3904f6e71d36,Armand Kamil Ryfiński,,,Koło poselskie Bezpieczeństwo i Gospodarka,5509a91d273a3904f6e72296,,Sejm,5509a8fb273a3904f6e71a64,,,http://files.parldata.eu/pl/sejm/people/5509a907273a3904f6e71d36/image.jpeg,male
5509a919273a3904f6e721ae,Artur Bramora,,,Polskie Stronnictwo Ludowe,5509a91d273a3904f6e72292,,Sejm,5509a8fb273a3904f6e71a64,,,http://files.parldata.eu/pl/sejm/people/5509a919273a3904f6e721ae/image.jpeg,male
5509a916273a3904f6e720fa,Artur Dunin,,,Platforma Obywatelska,5509a91d273a3904f6e7228c,,Sejm,5509a8fb273a3904f6e71a64,,,http://files.parldata.eu/pl/sejm/people/5509a916273a3904f6e720fa/image.jpeg,male
5509a8fb273a3904f6e71a82,Artur Dębski,,,Polskie Stronnictwo Ludowe,5509a91d273a3904f6e72292,,Sejm,5509a8fb273a3904f6e71a64,,,http://files.parldata.eu/pl/sejm/people/5509a8fb273a3904f6e71a82/image.jpeg,male
5509a916273a3904f6e720d6,Artur Gierada,,,Platforma Obywatelska,5509a91d273a3904f6e7228c,,Sejm,5509a8fb273a3904f6e71a64,,,http://files.parldata.eu/pl/sejm/people/5509a916273a3904f6e720d6/image.jpeg,male
5509a914273a3904f6e72066,Artur Górczyński,,,Sojusz Lewicy Demokratycznej,5509a91d273a3904f6e72290,,Sejm,5509a8fb273a3904f6e71a64,,,http://files.parldata.eu/pl/sejm/people/5509a914273a3904f6e72066/image.jpeg,male
5509a914273a3904f6e72066,Artur Górczyński,,,Polskie Stronnictwo Ludowe,5509a91d273a3904f6e72292,,Sejm,5509a8fb273a3904f6e71a64,,,http://files.parldata.eu/pl/sejm/people/5509a914273a3904f6e72066/image.jpeg,male
5509a914273a3904f6e72052,Artur Górski,,,Prawo i Sprawiedliwość,5509a91d273a3904f6e7228e,,Sejm,5509a8fb273a3904f6e71a64,,,http://files.parldata.eu/pl/sejm/people/5509a914273a3904f6e72052/image.jpeg,male
5509a8fd273a3904f6e71ada,Artur Ostrowski,,,Sojusz Lewicy Demokratycznej,5509a91d273a3904f6e72290,,Sejm,5509a8fb273a3904f6e71a64,,,http://files.parldata.eu/pl/sejm/people/5509a8fd273a3904f6e71ada/image.jpeg,male
5509a91b273a3904f6e72206,Barbara Bartuś,,,Prawo i Sprawiedliwość,5509a91d273a3904f6e7228e,,Sejm,5509a8fb273a3904f6e71a64,,,http://files.parldata.eu/pl/sejm/people/5509a91b273a3904f6e72206/image.jpeg,female
5509a919273a3904f6e721a6,Barbara Bubula,,,Prawo i Sprawiedliwość,5509a91d273a3904f6e7228e,,Sejm,5509a8fb273a3904f6e71a64,,,http://files.parldata.eu/pl/sejm/people/5509a919273a3904f6e721a6/image.jpeg,female
5509a917273a3904f6e7213a,Barbara Czaplicka,,,Platforma Obywatelska,5509a91d273a3904f6e7228c,,Sejm,5509a8fb273a3904f6e71a64,,,http://files.parldata.eu/pl/sejm/people/5509a917273a3904f6e7213a/image.jpeg,female
5509a90f273a3904f6e71f3e,Barbara Kudrycka,,,Platforma Obywatelska,5509a91d273a3904f6e7228c,,Sejm,5509a8fb273a3904f6e71a64,,,http://files.parldata.eu/pl/sejm/people/5509a90f273a3904f6e71f3e/image.jpeg,female
5509a91b273a3904f6e7221a,Bartosz Arłukowicz,,,Platforma Obywatelska,5509a91d273a3904f6e7228c,,Sejm,5509a8fb273a3904f6e71a64,,,http://files.parldata.eu/pl/sejm/people/5509a91b273a3904f6e7221a/image.jpeg,male
5509a8fc273a3904f6e71a9a,Bartosz Kownacki,,,Prawo i Sprawiedliwość,5509a91d273a3904f6e7228e,,Sejm,5509a8fb273a3904f6e71a64,,,http://files.parldata.eu/pl/sejm/people/5509a8fc273a3904f6e71a9a/image.jpeg,male
5509a91a273a3904f6e721d6,Bartłomiej Bodio,,,Polskie Stronnictwo Ludowe,5509a91d273a3904f6e72292,,Sejm,5509a8fb273a3904f6e71a64,,,http://files.parldata.eu/pl/sejm/people/5509a91a273a3904f6e721d6/image.jpeg,male
5509a919273a3904f6e721a2,Beata Bublewicz,,,Platforma Obywatelska,5509a91d273a3904f6e7228c,,Sejm,5509a8fb273a3904f6e71a64,,,http://files.parldata.eu/pl/sejm/people/5509a919273a3904f6e721a2/image.jpeg,female
5509a911273a3904f6e71fa6,Beata Kempa,,,Zjednoczona Prawica,550ff3d3273a3974baf6b76b,,Sejm,5509a8fb273a3904f6e71a64,,,http://files.parldata.eu/pl/sejm/people/5509a911273a3904f6e71fa6/image.jpeg,female
5509a911273a3904f6e71fa6,Beata Kempa,,,Klub Parlamentarny Sprawiedliwa Polska,5509a91d273a3904f6e72294,,Sejm,5509a8fb273a3904f6e71a64,,,http://files.parldata.eu/pl/sejm/people/5509a911273a3904f6e71fa6/image.jpeg,female
5509a90d273a3904f6e71ea6,Beata Mazurek,,,Prawo i Sprawiedliwość,5509a91d273a3904f6e7228e,,Sejm,5509a8fb273a3904f6e71a64,,,http://files.parldata.eu/pl/sejm/people/5509a90d273a3904f6e71ea6/image.jpeg,female
5509a90d273a3904f6e71eae,Beata Małecka-Libera,,,Platforma Obywatelska,5509a91d273a3904f6e7228c,,Sejm,5509a8fb273a3904f6e71a64,,,http://files.parldata.eu/pl/sejm/people/5509a90d273a3904f6e71eae/image.jpeg,female
5509a907273a3904f6e71d4a,Beata Rusinowska,,,Platforma Obywatelska,5509a91d273a3904f6e7228c,,Sejm,5509a8fb273a3904f6e71a64,,,http://files.parldata.eu/pl/sejm/people/5509a907273a3904f6e71d4a/image.jpeg,female
5509a904273a3904f6e71c86,Beata Szydło,,,Prawo i Sprawiedliwość,5509a91d273a3904f6e7228e,,Sejm,5509a8fb273a3904f6e71a64,,,http://files.parldata.eu/pl/sejm/people/5509a904273a3904f6e71c86/image.jpeg,female
5509a907273a3904f6e71d2a,Bogdan Rzońca,,,Prawo i Sprawiedliwość,5509a91d273a3904f6e7228e,,Sejm,5509a8fb273a3904f6e71a64,,,http://files.parldata.eu/pl/sejm/people/5509a907273a3904f6e71d2a/image.jpeg,male
5509a901273a3904f6e71bb6,Bogdan Zdrojewski,,,Platforma Obywatelska,5509a91d273a3904f6e7228c,,Sejm,5509a8fb273a3904f6e71a64,,,http://files.parldata.eu/pl/sejm/people/5509a901273a3904f6e71bb6/image.jpeg,male
5509a901273a3904f6e71bde,Bogusław Wontor,,,Sojusz Lewicy Demokratycznej,5509a91d273a3904f6e72290,,Sejm,5509a8fb273a3904f6e71a64,,,http://files.parldata.eu/pl/sejm/people/5509a901273a3904f6e71bde/image.jpeg,male
5509a90a273a3904f6e71dde,Bolesław Grzegorz Piecha,,,Prawo i Sprawiedliwość,5509a91d273a3904f6e7228e,,Sejm,5509a8fb273a3904f6e71a64,,,http://files.parldata.eu/pl/sejm/people/5509a90a273a3904f6e71dde/image.jpeg,male
5509a919273a3904f6e7219a,Borys Budka,,,Platforma Obywatelska,5509a91d273a3904f6e7228c,,Sejm,5509a8fb273a3904f6e71a64,,,http://files.parldata.eu/pl/sejm/people/5509a919273a3904f6e7219a/image.jpeg,male
5509a913273a3904f6e7203a,Bożena Henczyca,,,Platforma Obywatelska,5509a91d273a3904f6e7228c,,Sejm,5509a8fb273a3904f6e71a64,,,http://resources.sejmometr.pl/mowcy/a/0/1552.jpg,female
5509a912273a3904f6e71fd6,Bożena Kamińska,,,Platforma Obywatelska,5509a91d273a3904f6e7228c,,Sejm,5509a8fb273a3904f6e71a64,,,http://files.parldata.eu/pl/sejm/people/5509a912273a3904f6e71fd6/image.jpeg,female
5509a904273a3904f6e71c76,Bożena Szydłowska,,,Platforma Obywatelska,5509a91d273a3904f6e7228c,,Sejm,5509a8fb273a3904f6e71a64,,,http://files.parldata.eu/pl/sejm/people/5509a904273a3904f6e71c76/image.jpeg,female
5509a904273a3904f6e71c72,Bożena Sławiak,,,Platforma Obywatelska,5509a91d273a3904f6e7228c,,Sejm,5509a8fb273a3904f6e71a64,,,http://files.parldata.eu/pl/sejm/people/5509a904273a3904f6e71c72/image.jpeg,female
5509a919273a3904f6e72192,Bożenna Bukiewicz,,,Platforma Obywatelska,5509a91d273a3904f6e7228c,,Sejm,5509a8fb273a3904f6e71a64,,,http://files.parldata.eu/pl/sejm/people/5509a919273a3904f6e72192/image.jpeg,female
5509a8fc273a3904f6e71abe,Brygida Kolenda-Łabuś,,,Platforma Obywatelska,5509a91d273a3904f6e7228c,,Sejm,5509a8fb273a3904f6e71a64,,,http://files.parldata.eu/pl/sejm/people/5509a8fc273a3904f6e71abe/image.jpeg,female
5509a915273a3904f6e7208e,Cezary Grabarczyk,,,Platforma Obywatelska,5509a91d273a3904f6e7228c,,Sejm,5509a8fb273a3904f6e71a64,,,http://files.parldata.eu/pl/sejm/people/5509a915273a3904f6e7208e/image.jpeg,male
5509a90f273a3904f6e71f42,Cezary Kucharski,,,Platforma Obywatelska,5509a91d273a3904f6e7228c,,Sejm,5509a8fb273a3904f6e71a64,,,http://files.parldata.eu/pl/sejm/people/5509a90f273a3904f6e71f42/image.jpeg,male
5509a90b273a3904f6e71e1e,Cezary Olejniczak,,,Sojusz Lewicy Demokratycznej,5509a91d273a3904f6e72290,,Sejm,5509a8fb273a3904f6e71a64,,,http://files.parldata.eu/pl/sejm/people/5509a90b273a3904f6e71e1e/image.jpeg,male
5509a903273a3904f6e71c42,Cezary Tomczyk,,,Platforma Obywatelska,5509a91d273a3904f6e7228c,,Sejm,5509a8fb273a3904f6e71a64,,,http://files.parldata.eu/pl/sejm/people/5509a903273a3904f6e71c42/image.jpeg,male
5509a917273a3904f6e72122,Czesław Czechyra,,,Platforma Obywatelska,5509a91d273a3904f6e7228c,,Sejm,5509a8fb273a3904f6e71a64,,,http://files.parldata.eu/pl/sejm/people/5509a917273a3904f6e72122/image.jpeg,male
5509a915273a3904f6e720a2,Czesław Gluza,,,Platforma Obywatelska,5509a91d273a3904f6e7228c,,Sejm,5509a8fb273a3904f6e71a64,,,http://files.parldata.eu/pl/sejm/people/5509a915273a3904f6e720a2/image.jpeg,male
5509a913273a3904f6e72036,Czesław Hoc,,,Prawo i Sprawiedliwość,5509a91d273a3904f6e7228e,,Sejm,5509a8fb273a3904f6e71a64,,,http://files.parldata.eu/pl/sejm/people/5509a913273a3904f6e72036/image.jpeg,male
5509a90c273a3904f6e71e86,Czesław Mroczek,,,Platforma Obywatelska,5509a91d273a3904f6e7228c,,Sejm,5509a8fb273a3904f6e71a64,,,http://files.parldata.eu/pl/sejm/people/5509a90c273a3904f6e71e86/image.jpeg,male
5509a905273a3904f6e71cda,Czesław Sobierajski,,,Prawo i Sprawiedliwość,5509a91d273a3904f6e7228e,,Sejm,5509a8fb273a3904f6e71a64,,,http://resources.sejmometr.pl/mowcy/a/0/1532.jpg,male
5509a908273a3904f6e71d7e,Damian Raczkowski,,,Platforma Obywatelska,5509a91d273a3904f6e7228c,,Sejm,5509a8fb273a3904f6e71a64,,,http://files.parldata.eu/pl/sejm/people/5509a908273a3904f6e71d7e/image.jpeg,male
5509a90a273a3904f6e71dda,Danuta Pietraszewska,,,Platforma Obywatelska,5509a91d273a3904f6e7228c,,Sejm,5509a8fb273a3904f6e71a64,,,http://files.parldata.eu/pl/sejm/people/5509a90a273a3904f6e71dda/image.jpeg,female
5509a919273a3904f6e7218e,Dariusz Bąk,,,Prawo i Sprawiedliwość,5509a91d273a3904f6e7228e,,Sejm,5509a8fb273a3904f6e71a64,,,http://files.parldata.eu/pl/sejm/people/5509a919273a3904f6e7218e/image.jpeg,male
5509a916273a3904f6e720f2,Dariusz Cezar Dziadzio,,,Polskie Stronnictwo Ludowe,5509a91d273a3904f6e72292,,Sejm,5509a8fb273a3904f6e71a64,,,http://files.parldata.eu/pl/sejm/people/5509a916273a3904f6e720f2/image.jpeg,male
5509a912273a3904f6e71ff2,Dariusz Joński,,,Sojusz Lewicy Demokratycznej,5509a91d273a3904f6e72290,,Sejm,5509a8fb273a3904f6e71a64,,,http://files.parldata.eu/pl/sejm/people/5509a912273a3904f6e71ff2/image.jpeg,male
5509a909273a3904f6e71dce,Dariusz Piontkowski,,,Prawo i Sprawiedliwość,5509a91d273a3904f6e7228e,,Sejm,5509a8fb273a3904f6e71a64,,,http://files.parldata.eu/pl/sejm/people/5509a909273a3904f6e71dce/image.jpeg,male
5509a907273a3904f6e71d5e,Dariusz Rosati,,,Platforma Obywatelska,5509a91d273a3904f6e7228c,,Sejm,5509a8fb273a3904f6e71a64,,,http://files.parldata.eu/pl/sejm/people/5509a907273a3904f6e71d5e/image.jpeg,male
5509a906273a3904f6e71cf6,Dariusz Seliga,,,Prawo i Sprawiedliwość,5509a91d273a3904f6e7228e,,Sejm,5509a8fb273a3904f6e71a64,,,http://files.parldata.eu/pl/sejm/people/5509a906273a3904f6e71cf6/image.jpeg,male
5509a913273a3904f6e7201e,Dawid Jackiewicz,,,Prawo i Sprawiedliwość,5509a91d273a3904f6e7228e,,Sejm,5509a8fb273a3904f6e71a64,,,http://files.parldata.eu/pl/sejm/people/5509a913273a3904f6e7201e/image.jpeg,male
5509a8fc273a3904f6e71aba,Domicela Kopaczewska,,,Platforma Obywatelska,5509a91d273a3904f6e7228c,,Sejm,5509a8fb273a3904f6e71a64,,,http://files.parldata.eu/pl/sejm/people/5509a8fc273a3904f6e71aba/image.jpeg,female
5509a903273a3904f6e71c3e,Donald Tusk,,,Platforma Obywatelska,5509a91d273a3904f6e7228c,,Sejm,5509a8fb273a3904f6e71a64,,,http://files.parldata.eu/pl/sejm/people/5509a903273a3904f6e71c3e/image.jpeg,male
5509a91b273a3904f6e7222a,Dorota Arciszewska-Mielewczyk,,,Prawo i Sprawiedliwość,5509a91d273a3904f6e7228e,,Sejm,5509a8fb273a3904f6e71a64,,,http://files.parldata.eu/pl/sejm/people/5509a91b273a3904f6e7222a/image.jpeg,female
5509a90b273a3904f6e71e42,Dorota Niedziela,,,Platforma Obywatelska,5509a91d273a3904f6e7228c,,Sejm,5509a8fb273a3904f6e71a64,,,http://files.parldata.eu/pl/sejm/people/5509a90b273a3904f6e71e42/image.jpeg,female
5509a907273a3904f6e71d46,Dorota Rutkowska,,,Platforma Obywatelska,5509a91d273a3904f6e7228c,,Sejm,5509a8fb273a3904f6e71a64,,,http://files.parldata.eu/pl/sejm/people/5509a907273a3904f6e71d46/image.jpeg,female
5509a91a273a3904f6e721be,Edmund Borawski,,,Polskie Stronnictwo Ludowe,5509a91d273a3904f6e72292,,Sejm,5509a8fb273a3904f6e71a64,,,http://files.parldata.eu/pl/sejm/people/5509a91a273a3904f6e721be/image.jpeg,male
5509a917273a3904f6e7212a,Edward Czesak,,,Prawo i Sprawiedliwość,5509a91d273a3904f6e7228e,,Sejm,5509a8fb273a3904f6e71a64,,,http://files.parldata.eu/pl/sejm/people/5509a917273a3904f6e7212a/image.jpeg,male
5509a906273a3904f6e71cfe,Edward Siarka,,,Klub Parlamentarny Sprawiedliwa Polska,5509a91d273a3904f6e72294,,Sejm,5509a8fb273a3904f6e71a64,,,http://files.parldata.eu/pl/sejm/people/5509a906273a3904f6e71cfe/image.jpeg,male
5509a906273a3904f6e71cfe,Edward Siarka,,,Zjednoczona Prawica,550ff3d3273a3974baf6b76b,,Sejm,5509a8fb273a3904f6e71a64,,,http://files.parldata.eu/pl/sejm/people/5509a906273a3904f6e71cfe/image.jpeg,male
5509a91c273a3904f6e72236,Elżbieta Achinger,,,Platforma Obywatelska,5509a91d273a3904f6e7228c,,Sejm,5509a8fb273a3904f6e71a64,,,http://files.parldata.eu/pl/sejm/people/5509a91c273a3904f6e72236/image.jpeg,female
5509a90a273a3904f6e71dea,Elżbieta Apolonia Pierzchała,,,Platforma Obywatelska,5509a91d273a3904f6e7228c,,Sejm,5509a8fb273a3904f6e71a64,,,http://files.parldata.eu/pl/sejm/people/5509a90a273a3904f6e71dea/image.jpeg,female
5509a915273a3904f6e720c6,Elżbieta Gapińska,,,Platforma Obywatelska,5509a91d273a3904f6e7228c,,Sejm,5509a8fb273a3904f6e71a64,,,http://files.parldata.eu/pl/sejm/people/5509a915273a3904f6e720c6/image.jpeg,female
5509a915273a3904f6e720ba,Elżbieta Gelert,,,Platforma Obywatelska,5509a91d273a3904f6e7228c,,Sejm,5509a8fb273a3904f6e71a64,,,http://files.parldata.eu/pl/sejm/people/5509a915273a3904f6e720ba/image.jpeg,female
5509a910273a3904f6e71f66,Elżbieta Kruk,,,Prawo i Sprawiedliwość,5509a91d273a3904f6e7228e,,Sejm,5509a8fb273a3904f6e71a64,,,http://files.parldata.eu/pl/sejm/people/5509a910273a3904f6e71f66/image.jpeg,female
5509a910273a3904f6e71f4a,Elżbieta Królikowska-Kińska,,,Platforma Obywatelska,5509a91d273a3904f6e7228c,,Sejm,5509a8fb273a3904f6e71a64,,,http://files.parldata.eu/pl/sejm/people/5509a910273a3904f6e71f4a/image.jpeg,female
5509a90b273a3904f6e71e52,Elżbieta Nawrocka,,,Polskie Stronnictwo Ludowe,5509a91d273a3904f6e72292,,Sejm,5509a8fb273a3904f6e71a64,,,http://resources.sejmometr.pl/mowcy/a/0/1573.jpg,female
5509a908273a3904f6e71d6e,Elżbieta Radziszewska,,,Platforma Obywatelska,5509a91d273a3904f6e7228c,,Sejm,5509a8fb273a3904f6e71a64,,,http://files.parldata.eu/pl/sejm/people/5509a908273a3904f6e71d6e/image.jpeg,female
5509a908273a3904f6e71d72,Elżbieta Rafalska,,,Prawo i Sprawiedliwość,5509a91d273a3904f6e7228e,,Sejm,5509a8fb273a3904f6e71a64,,,http://files.parldata.eu/pl/sejm/people/5509a908273a3904f6e71d72/image.jpeg,female
5509a902273a3904f6e71c0a,Elżbieta Witek,,,Prawo i Sprawiedliwość,5509a91d273a3904f6e7228e,,Sejm,5509a8fb273a3904f6e71a64,,,http://files.parldata.eu/pl/sejm/people/5509a902273a3904f6e71c0a/image.jpeg,female
5509a917273a3904f6e7211a,Eugeniusz Czykwin,,,Sojusz Lewicy Demokratycznej,5509a91d273a3904f6e72290,,Sejm,5509a8fb273a3904f6e71a64,,,http://files.parldata.eu/pl/sejm/people/5509a917273a3904f6e7211a/image.jpeg,male
5509a90f273a3904f6e71f16,Eugeniusz Kłopotek,,,Polskie Stronnictwo Ludowe,5509a91d273a3904f6e72292,,Sejm,5509a8fb273a3904f6e71a64,,,http://files.parldata.eu/pl/sejm/people/5509a90f273a3904f6e71f16/image.jpeg,male
5509a914273a3904f6e72076,Eugeniusz Tomasz Grzeszczak,,,Polskie Stronnictwo Ludowe,5509a91d273a3904f6e72292,,Sejm,5509a8fb273a3904f6e71a64,,,http://files.parldata.eu/pl/sejm/people/5509a914273a3904f6e72076/image.jpeg,male
5509a917273a3904f6e72132,Ewa Czeszejko-Sochacka,,,Platforma Obywatelska,5509a91d273a3904f6e7228c,,Sejm,5509a8fb273a3904f6e71a64,,,http://resources.sejmometr.pl/mowcy/a/0/1534.jpg,female
5509a917273a3904f6e72106,Ewa Drozd,,,Platforma Obywatelska,5509a91d273a3904f6e7228c,,Sejm,5509a8fb273a3904f6e71a64,,,http://files.parldata.eu/pl/sejm/people/5509a917273a3904f6e72106/image.jpeg,female
5509a8fc273a3904f6e71aa6,Ewa Kopacz,,,Platforma Obywatelska,5509a91d273a3904f6e7228c,,Sejm,5509a8fb273a3904f6e71a64,,,http://files.parldata.eu/pl/sejm/people/5509a8fc273a3904f6e71aa6/image.jpeg,female
5509a8fd273a3904f6e71ad6,Ewa Kołodziej,,,Platforma Obywatelska,5509a91d273a3904f6e7228c,,Sejm,5509a8fb273a3904f6e71a64,,,http://files.parldata.eu/pl/sejm/people/5509a8fd273a3904f6e71ad6/image.jpeg,female
5509a90e273a3904f6e71eda,Ewa Malik,,,Prawo i Sprawiedliwość,5509a91d273a3904f6e7228e,,Sejm,5509a8fb273a3904f6e71a64,,,http://files.parldata.eu/pl/sejm/people/5509a90e273a3904f6e71eda/image.jpeg,female
5509a901273a3904f6e71be6,Ewa Wolak,,,Platforma Obywatelska,5509a91d273a3904f6e7228c,,Sejm,5509a8fb273a3904f6e71a64,,,http://files.parldata.eu/pl/sejm/people/5509a901273a3904f6e71be6/image.jpeg,female
5509a8ff273a3904f6e71b4e,Ewa Żmuda-Trzebiatowska,,,Platforma Obywatelska,5509a91d273a3904f6e7228c,,Sejm,5509a8fb273a3904f6e71a64,,,http://files.parldata.eu/pl/sejm/people/5509a8ff273a3904f6e71b4e/image.jpeg,female
5509a8fe273a3904f6e71b06,Franciszek Jerzy Stefaniuk,,,Polskie Stronnictwo Ludowe,5509a91d273a3904f6e72292,,Sejm,5509a8fb273a3904f6e71a64,,,http://files.parldata.eu/pl/sejm/people/5509a8fe273a3904f6e71b06/image.jpeg,male
5509a90d273a3904f6e71ebe,Gabriela Masłowska,,,Prawo i Sprawiedliwość,5509a91d273a3904f6e7228e,,Sejm,5509a8fb273a3904f6e71a64,,,http://files.parldata.eu/pl/sejm/people/5509a90d273a3904f6e71ebe/image.jpeg,female
5509a903273a3904f6e71c5a,Genowefa Tokarska,,,Polskie Stronnictwo Ludowe,5509a91d273a3904f6e72292,,Sejm,5509a8fb273a3904f6e71a64,,,http://files.parldata.eu/pl/sejm/people/5509a903273a3904f6e71c5a/image.jpeg,female
5509a918273a3904f6e72152,Grażyna Ciemniak,,,Platforma Obywatelska,5509a91d273a3904f6e7228c,,Sejm,5509a8fb273a3904f6e71a64,,,http://resources.sejmometr.pl/mowcy/a/0/1550.jpg,female
5509a901273a3904f6e71bea,Grzegorz Adam Woźniak,,,Prawo i Sprawiedliwość,5509a91d273a3904f6e7228e,,Sejm,5509a8fb273a3904f6e71a64,,,http://files.parldata.eu/pl/sejm/people/5509a901273a3904f6e71bea/image.jpeg,male
5509a913273a3904f6e7200e,Grzegorz Janik,,,Prawo i Sprawiedliwość,5509a91d273a3904f6e7228e,,Sejm,5509a8fb273a3904f6e71a64,,,http://files.parldata.eu/pl/sejm/people/5509a913273a3904f6e7200e/image.jpeg,male
5509a911273a3904f6e71fb6,Grzegorz Karpiński,,,Platforma Obywatelska,5509a91d273a3904f6e7228c,,Sejm,5509a8fb273a3904f6e71a64,,,,male
5509a90d273a3904f6e71eb6,Grzegorz Matusiak,,,Prawo i Sprawiedliwość,5509a91d273a3904f6e7228e,,Sejm,5509a8fb273a3904f6e71a64,,,http://files.parldata.eu/pl/sejm/people/5509a90d273a3904f6e71eb6/image.jpeg,male
5509a90b273a3904f6e71e56,Grzegorz Napieralski,,,Sojusz Lewicy Demokratycznej,5509a91d273a3904f6e72290,,Sejm,5509a8fb273a3904f6e71a64,,,http://files.parldata.eu/pl/sejm/people/5509a90b273a3904f6e71e56/image.jpeg,male
5509a90b273a3904f6e71e56,Grzegorz Napieralski,,,Biało-Czerwoni,55a28a14273a390852248077,,Sejm,5509a8fb273a3904f6e71a64,,,http://files.parldata.eu/pl/sejm/people/5509a90b273a3904f6e71e56/image.jpeg,male
5509a908273a3904f6e71d62,Grzegorz Raniewicz,,,Platforma Obywatelska,5509a91d273a3904f6e7228c,,Sejm,5509a8fb273a3904f6e71a64,,,http://files.parldata.eu/pl/sejm/people/5509a908273a3904f6e71d62/image.jpeg,male
5509a906273a3904f6e71d0e,Grzegorz Schetyna,,,Platforma Obywatelska,5509a91d273a3904f6e7228c,,Sejm,5509a8fb273a3904f6e71a64,,,http://files.parldata.eu/pl/sejm/people/5509a906273a3904f6e71d0e/image.jpeg,male
5509a906273a3904f6e71d06,Grzegorz Schreiber,,,Prawo i Sprawiedliwość,5509a91d273a3904f6e7228e,,Sejm,5509a8fb273a3904f6e71a64,,,http://files.parldata.eu/pl/sejm/people/5509a906273a3904f6e71d06/image.jpeg,male
5509a904273a3904f6e71ca2,Grzegorz Sztolcman,,,Platforma Obywatelska,5509a91d273a3904f6e7228c,,Sejm,5509a8fb273a3904f6e71a64,,,http://files.parldata.eu/pl/sejm/people/5509a904273a3904f6e71ca2/image.jpeg,male
5509a904273a3904f6e71c66,Grzegorz Tobiszowski,,,Prawo i Sprawiedliwość,5509a91d273a3904f6e7228e,,Sejm,5509a8fb273a3904f6e71a64,,,http://files.parldata.eu/pl/sejm/people/5509a904273a3904f6e71c66/image.jpeg,male
554a3434273a395cd19194a3,Halina Olendzka,,,Prawo i Sprawiedliwość,5509a91d273a3904f6e7228e,,Sejm,5509a8fb273a3904f6e71a64,,,http://resources.sejmometr.pl/mowcy/a/0/1578.jpg,female
5509a907273a3904f6e71d56,Halina Rozpondek,,,Platforma Obywatelska,5509a91d273a3904f6e7228c,,Sejm,5509a8fb273a3904f6e71a64,,,http://files.parldata.eu/pl/sejm/people/5509a907273a3904f6e71d56/image.jpeg,female
5509a904273a3904f6e71c7a,Halina Szymiec-Raczyńska,,,Polskie Stronnictwo Ludowe,5509a91d273a3904f6e72292,,Sejm,5509a8fb273a3904f6e71a64,,,http://files.parldata.eu/pl/sejm/people/5509a904273a3904f6e71c7a/image.jpeg,female
5509a8fd273a3904f6e71ad2,Henryk Kmiecik,,,Polskie Stronnictwo Ludowe,5509a91d273a3904f6e72292,,Sejm,5509a8fb273a3904f6e71a64,,,http://files.parldata.eu/pl/sejm/people/5509a8fd273a3904f6e71ad2/image.jpeg,male
5509a8fc273a3904f6e71a96,Henryk Kowalczyk,,,Prawo i Sprawiedliwość,5509a91d273a3904f6e7228e,,Sejm,5509a8fb273a3904f6e71a64,,,http://files.parldata.eu/pl/sejm/people/5509a8fc273a3904f6e71a96/image.jpeg,male
5509a906273a3904f6e71cf2,Henryk Siedlaczek,,,Platforma Obywatelska,5509a91d273a3904f6e7228c,,Sejm,5509a8fb273a3904f6e71a64,,,http://files.parldata.eu/pl/sejm/people/5509a906273a3904f6e71cf2/image.jpeg,male
5509a905273a3904f6e71cde,Henryk Smolarz,,,Polskie Stronnictwo Ludowe,5509a91d273a3904f6e72292,,Sejm,5509a8fb273a3904f6e71a64,,,http://files.parldata.eu/pl/sejm/people/5509a905273a3904f6e71cde/image.jpeg,male
5509a903273a3904f6e71c56,Irena Tomaszak-Zesiuk,,,Platforma Obywatelska,5509a91d273a3904f6e7228c,,Sejm,5509a8fb273a3904f6e71a64,,,http://files.parldata.eu/pl/sejm/people/5509a903273a3904f6e71c56/image.jpeg,female
5509a908273a3904f6e71d76,Ireneusz Raś,,,Platforma Obywatelska,5509a91d273a3904f6e7228c,,Sejm,5509a8fb273a3904f6e71a64,,,http://files.parldata.eu/pl/sejm/people/5509a908273a3904f6e71d76/image.jpeg,male
5509a91b273a3904f6e72216,Iwona Ewa Arent,,,Prawo i Sprawiedliwość,5509a91d273a3904f6e7228e,,Sejm,5509a8fb273a3904f6e71a64,,,http://files.parldata.eu/pl/sejm/people/5509a91b273a3904f6e72216/image.jpeg,female
5509a914273a3904f6e72056,Iwona Guzowska,,,Platforma Obywatelska,5509a91d273a3904f6e7228c,,Sejm,5509a8fb273a3904f6e71a64,,,http://files.parldata.eu/pl/sejm/people/5509a914273a3904f6e72056/image.jpeg,female
5509a911273a3904f6e71f92,Iwona Kozłowska,,,Platforma Obywatelska,5509a91d273a3904f6e7228c,,Sejm,5509a8fb273a3904f6e71a64,,,http://files.parldata.eu/pl/sejm/people/5509a911273a3904f6e71f92/image.jpeg,female
5509a8ff273a3904f6e71b42,Iwona Śledzińska-Katarasińska,,,Platforma Obywatelska,5509a91d273a3904f6e7228c,,Sejm,5509a8fb273a3904f6e71a64,,,http://files.parldata.eu/pl/sejm/people/5509a8ff273a3904f6e71b42/image.jpeg,female
5509a90c273a3904f6e71e82,Izabela Katarzyna Mrzygłocka,,,Platforma Obywatelska,5509a91d273a3904f6e7228c,,Sejm,5509a8fb273a3904f6e71a64,,,http://files.parldata.eu/pl/sejm/people/5509a90c273a3904f6e71e82/image.jpeg,female
5509a911273a3904f6e71f8e,Izabela Kloc,,,Prawo i Sprawiedliwość,5509a91d273a3904f6e7228e,,Sejm,5509a8fb273a3904f6e71a64,,,http://files.parldata.eu/pl/sejm/people/5509a911273a3904f6e71f8e/image.jpeg,female
5509a90e273a3904f6e71efe,Izabela Leszczyna,,,Platforma Obywatelska,5509a91d273a3904f6e7228c,,Sejm,5509a8fb273a3904f6e71a64,,,http://files.parldata.eu/pl/sejm/people/5509a90e273a3904f6e71efe/image.jpeg,female
5509a91a273a3904f6e721c6,Jacek Bogucki,,,Prawo i Sprawiedliwość,5509a91d273a3904f6e7228e,,Sejm,5509a8fb273a3904f6e71a64,,,http://files.parldata.eu/pl/sejm/people/5509a91a273a3904f6e721c6/image.jpeg,male
5509a919273a3904f6e7219e,Jacek Brzezinka,,,Platforma Obywatelska,5509a91d273a3904f6e7228c,,Sejm,5509a8fb273a3904f6e71a64,,,http://files.parldata.eu/pl/sejm/people/5509a919273a3904f6e7219e/image.jpeg,male
5509a917273a3904f6e7212e,Jacek Czerniak,,,Sojusz Lewicy Demokratycznej,5509a91d273a3904f6e72290,,Sejm,5509a8fb273a3904f6e71a64,,,http://files.parldata.eu/pl/sejm/people/5509a917273a3904f6e7212e/image.jpeg,male
5509a8fb273a3904f6e71a76,Jacek Falfus,,,Prawo i Sprawiedliwość,5509a91d273a3904f6e7228e,,Sejm,5509a8fb273a3904f6e71a64,,,http://files.parldata.eu/pl/sejm/people/5509a8fb273a3904f6e71a76/image.jpeg,male
5509a8fc273a3904f6e71a8a,Jacek Kozaczyński,,,Platforma Obywatelska,5509a91d273a3904f6e7228c,,Sejm,5509a8fb273a3904f6e71a64,,,http://files.parldata.eu/pl/sejm/people/5509a8fc273a3904f6e71a8a/image.jpeg,male
5509a90f273a3904f6e71f2e,Jacek Kwiatkowski,,,Niezrzeszeni,5509a91d273a3904f6e72298,,Sejm,5509a8fb273a3904f6e71a64,,,http://files.parldata.eu/pl/sejm/people/5509a90f273a3904f6e71f2e/image.jpeg,male
5509a90f273a3904f6e71f2e,Jacek Kwiatkowski,,,Ruch Palikota,5509a91d273a3904f6e7229a,,Sejm,5509a8fb273a3904f6e71a64,,,http://files.parldata.eu/pl/sejm/people/5509a90f273a3904f6e71f2e/image.jpeg,male
5509a90b273a3904f6e71e5a,Jacek Najder,,,Niezrzeszeni,5509a91d273a3904f6e72298,,Sejm,5509a8fb273a3904f6e71a64,,,http://files.parldata.eu/pl/sejm/people/5509a90b273a3904f6e71e5a/image.jpeg,male
5509a90b273a3904f6e71e5a,Jacek Najder,,,Biało-Czerwoni,55a28a14273a390852248077,,Sejm,5509a8fb273a3904f6e71a64,,,http://files.parldata.eu/pl/sejm/people/5509a90b273a3904f6e71e5a/image.jpeg,male
5509a8fd273a3904f6e71ac2,Jacek Osuch,,,Prawo i Sprawiedliwość,5509a91d273a3904f6e7228e,,Sejm,5509a8fb273a3904f6e71a64,,,http://files.parldata.eu/pl/sejm/people/5509a8fd273a3904f6e71ac2/image.jpeg,male
5509a906273a3904f6e71d22,Jacek Sasin,,,Prawo i Sprawiedliwość,5509a91d273a3904f6e7228e,,Sejm,5509a8fb273a3904f6e71a64,,,http://files.parldata.eu/pl/sejm/people/5509a906273a3904f6e71d22/image.jpeg,male
5509a903273a3904f6e71c36,Jacek Tomczak,,,Platforma Obywatelska,5509a91d273a3904f6e7228c,,Sejm,5509a8fb273a3904f6e71a64,,,http://files.parldata.eu/pl/sejm/people/5509a903273a3904f6e71c36/image.jpeg,male
5509a8fe273a3904f6e71b2e,Jacek Świat,,,Prawo i Sprawiedliwość,5509a91d273a3904f6e7228e,,Sejm,5509a8fb273a3904f6e71a64,,,http://files.parldata.eu/pl/sejm/people/5509a8fe273a3904f6e71b2e/image.jpeg,male
5509a8fe273a3904f6e71b2a,Jacek Żalek,,,Zjednoczona Prawica,550ff3d3273a3974baf6b76b,,Sejm,5509a8fb273a3904f6e71a64,,,http://files.parldata.eu/pl/sejm/people/5509a8fe273a3904f6e71b2a/image.jpeg,male
5509a8fe273a3904f6e71b2a,Jacek Żalek,,,Klub Parlamentarny Sprawiedliwa Polska,5509a91d273a3904f6e72294,,Sejm,5509a8fb273a3904f6e71a64,,,http://files.parldata.eu/pl/sejm/people/5509a8fe273a3904f6e71b2a/image.jpeg,male
5509a902273a3904f6e71c0e,Jadwiga Wiśniewska,,,Prawo i Sprawiedliwość,5509a91d273a3904f6e7228e,,Sejm,5509a8fb273a3904f6e71a64,,,http://files.parldata.eu/pl/sejm/people/5509a902273a3904f6e71c0e/image.jpeg,female
5509a901273a3904f6e71bbe,Jadwiga Zakrzewska,,,Platforma Obywatelska,5509a91d273a3904f6e7228c,,Sejm,5509a8fb273a3904f6e71a64,,,http://files.parldata.eu/pl/sejm/people/5509a901273a3904f6e71bbe/image.jpeg,female
5509a90d273a3904f6e71ec6,Jagna Marczułajtis-Walczak,,,Platforma Obywatelska,5509a91d273a3904f6e7228c,,Sejm,5509a8fb273a3904f6e71a64,,,http://files.parldata.eu/pl/sejm/people/5509a90d273a3904f6e71ec6/image.jpeg,female
5509a907273a3904f6e71d42,Jakub Rutnicki,,,Platforma Obywatelska,5509a91d273a3904f6e7228c,,Sejm,5509a8fb273a3904f6e71a64,,,http://files.parldata.eu/pl/sejm/people/5509a907273a3904f6e71d42/image.jpeg,male
5509a904273a3904f6e71c92,Jakub Szulc,,,Platforma Obywatelska,5509a91d273a3904f6e7228c,,Sejm,5509a8fb273a3904f6e71a64,,,http://files.parldata.eu/pl/sejm/people/5509a904273a3904f6e71c92/image.jpeg,male
5509a919273a3904f6e7218a,Jan Bury,,,Polskie Stronnictwo Ludowe,5509a91d273a3904f6e72292,,Sejm,5509a8fb273a3904f6e71a64,,,http://files.parldata.eu/pl/sejm/people/5509a919273a3904f6e7218a/image.jpeg,male
5509a918273a3904f6e7216a,Jan Cedzyński,,,Sojusz Lewicy Demokratycznej,5509a91d273a3904f6e72290,,Sejm,5509a8fb273a3904f6e71a64,,,http://files.parldata.eu/pl/sejm/people/5509a918273a3904f6e7216a/image.jpeg,male
5509a916273a3904f6e720e6,Jan Dziedziczak,,,Prawo i Sprawiedliwość,5509a91d273a3904f6e7228e,,Sejm,5509a8fb273a3904f6e71a64,,,http://files.parldata.eu/pl/sejm/people/5509a916273a3904f6e720e6/image.jpeg,male
5509a911273a3904f6e71fa2,Jan Kaźmierczak,,,Platforma Obywatelska,5509a91d273a3904f6e7228c,,Sejm,5509a8fb273a3904f6e71a64,,,http://files.parldata.eu/pl/sejm/people/5509a911273a3904f6e71fa2/image.jpeg,male
5509a91b273a3904f6e7220a,Jan Krzysztof Ardanowski,,,Prawo i Sprawiedliwość,5509a91d273a3904f6e7228e,,Sejm,5509a8fb273a3904f6e71a64,,,http://files.parldata.eu/pl/sejm/people/5509a91b273a3904f6e7220a/image.jpeg,male
5509a90f273a3904f6e71f3a,Jan Kulas,,,Platforma Obywatelska,5509a91d273a3904f6e7228c,,Sejm,5509a8fb273a3904f6e71a64,,,http://resources.sejmometr.pl/mowcy/a/0/1565.jpg,male
5509a907273a3904f6e71d3a,Jan Rzymełka,,,Platforma Obywatelska,5509a91d273a3904f6e7228c,,Sejm,5509a8fb273a3904f6e71a64,,,http://files.parldata.eu/pl/sejm/people/5509a907273a3904f6e71d3a/image.jpeg,male
5509a904273a3904f6e71c7e,Jan Szyszko,,,Prawo i Sprawiedliwość,5509a91d273a3904f6e7228e,,Sejm,5509a8fb273a3904f6e71a64,,,http://files.parldata.eu/pl/sejm/people/5509a904273a3904f6e71c7e/image.jpeg,male
5509a903273a3904f6e71c52,Jan Tomaszewski,,,Platforma Obywatelska,5509a91d273a3904f6e7228c,,Sejm,5509a8fb273a3904f6e71a64,,,http://files.parldata.eu/pl/sejm/people/5509a903273a3904f6e71c52/image.jpeg,male
5509a902273a3904f6e71c22,Jan Vincent-Rostowski,,,Platforma Obywatelska,5509a91d273a3904f6e7228c,,Sejm,5509a8fb273a3904f6e71a64,,,http://files.parldata.eu/pl/sejm/people/5509a902273a3904f6e71c22/image.jpeg,male
5509a902273a3904f6e71c2a,Jan Warzecha,,,Prawo i Sprawiedliwość,5509a91d273a3904f6e7228e,,Sejm,5509a8fb273a3904f6e71a64,,,http://files.parldata.eu/pl/sejm/people/5509a902273a3904f6e71c2a/image.jpeg,male
5509a900273a3904f6e71b82,Jan Ziobro,,,Zjednoczona Prawica,550ff3d3273a3974baf6b76b,,Sejm,5509a8fb273a3904f6e71a64,,,http://files.parldata.eu/pl/sejm/people/5509a900273a3904f6e71b82/image.jpeg,male
5509a900273a3904f6e71b82,Jan Ziobro,,,Klub Parlamentarny Sprawiedliwa Polska,5509a91d273a3904f6e72294,,Sejm,5509a8fb273a3904f6e71a64,,,http://files.parldata.eu/pl/sejm/people/5509a900273a3904f6e71b82/image.jpeg,male
5509a8ff273a3904f6e71b66,Jan Łopata,,,Polskie Stronnictwo Ludowe,5509a91d273a3904f6e72292,,Sejm,5509a8fb273a3904f6e71a64,,,http://files.parldata.eu/pl/sejm/people/5509a8ff273a3904f6e71b66/image.jpeg,male
5509a90b273a3904f6e71e32,Janina Okrągły,,,Platforma Obywatelska,5509a91d273a3904f6e7228c,,Sejm,5509a8fb273a3904f6e71a64,,,http://files.parldata.eu/pl/sejm/people/5509a90b273a3904f6e71e32/image.jpeg,female
5509a918273a3904f6e72156,Janusz Cichoń,,,Platforma Obywatelska,5509a91d273a3904f6e7228c,,Sejm,5509a8fb273a3904f6e71a64,,,http://files.parldata.eu/pl/sejm/people/5509a918273a3904f6e72156/image.jpeg,male
5509a916273a3904f6e720e2,Janusz Dzięcioł,,,Platforma Obywatelska,5509a91d273a3904f6e7228c,,Sejm,5509a8fb273a3904f6e71a64,,,http://files.parldata.eu/pl/sejm/people/5509a916273a3904f6e720e2/image.jpeg,male
5509a90a273a3904f6e71dfa,Janusz Palikot,,,Niezrzeszeni,5509a91d273a3904f6e72298,,Sejm,5509a8fb273a3904f6e71a64,,,http://files.parldata.eu/pl/sejm/people/5509a90a273a3904f6e71dfa/image.jpeg,male
5509a90a273a3904f6e71dfa,Janusz Palikot,,,Ruch Palikota,5509a91d273a3904f6e7229a,,Sejm,5509a8fb273a3904f6e71a64,,,http://files.parldata.eu/pl/sejm/people/5509a90a273a3904f6e71dfa/image.jpeg,male
5509a90a273a3904f6e71dee,Janusz Piechociński,,,Polskie Stronnictwo Ludowe,5509a91d273a3904f6e72292,,Sejm,5509a8fb273a3904f6e71a64,,,http://files.parldata.eu/pl/sejm/people/5509a90a273a3904f6e71dee/image.jpeg,male
5509a8fe273a3904f6e71b1e,Janusz Śniadek,,,Prawo i Sprawiedliwość,5509a91d273a3904f6e7228e,,Sejm,5509a8fb273a3904f6e71a64,,,http://files.parldata.eu/pl/sejm/people/5509a8fe273a3904f6e71b1e/image.jpeg,male
5509a918273a3904f6e7215e,Jarosław Charłampowicz,,,Platforma Obywatelska,5509a91d273a3904f6e7228c,,Sejm,5509a8fb273a3904f6e71a64,,,http://files.parldata.eu/pl/sejm/people/5509a918273a3904f6e7215e/image.jpeg,male
5509a915273a3904f6e72092,Jarosław Gowin,,,Zjednoczona Prawica,550ff3d3273a3974baf6b76b,,Sejm,5509a8fb273a3904f6e71a64,,,http://files.parldata.eu/pl/sejm/people/5509a915273a3904f6e72092/image.jpeg,male
5509a915273a3904f6e72092,Jarosław Gowin,,,Klub Parlamentarny Sprawiedliwa Polska,5509a91d273a3904f6e72294,,Sejm,5509a8fb273a3904f6e71a64,,,http://files.parldata.eu/pl/sejm/people/5509a915273a3904f6e72092/image.jpeg,male
5509a915273a3904f6e720a6,Jarosław Gromadzki,,,Niezrzeszeni,5509a91d273a3904f6e72298,,Sejm,5509a8fb273a3904f6e71a64,,,http://resources.sejmometr.pl/mowcy/a/0/1556.jpg,male
5509a915273a3904f6e720a6,Jarosław Gromadzki,,,Sojusz Lewicy Demokratycznej,5509a91d273a3904f6e72290,,Sejm,5509a8fb273a3904f6e71a64,,,http://resources.sejmometr.pl/mowcy/a/0/1556.jpg,male
5509a914273a3904f6e72062,Jarosław Górczyński,,,Polskie Stronnictwo Ludowe,5509a91d273a3904f6e72292,,Sejm,5509a8fb273a3904f6e71a64,,,http://files.parldata.eu/pl/sejm/people/5509a914273a3904f6e72062/image.jpeg,male
5509a911273a3904f6e71fc6,Jarosław Kaczyński,,,Prawo i Sprawiedliwość,5509a91d273a3904f6e7228e,,Sejm,5509a8fb273a3904f6e71a64,,,http://files.parldata.eu/pl/sejm/people/5509a911273a3904f6e71fc6/image.jpeg,male
5509a911273a3904f6e71faa,Jarosław Katulski,,,Platforma Obywatelska,5509a91d273a3904f6e7228c,,Sejm,5509a8fb273a3904f6e71a64,,,http://files.parldata.eu/pl/sejm/people/5509a911273a3904f6e71faa/image.jpeg,male
5509a909273a3904f6e71dbe,Jarosław Pięta,,,Platforma Obywatelska,5509a91d273a3904f6e7228c,,Sejm,5509a8fb273a3904f6e71a64,,,http://files.parldata.eu/pl/sejm/people/5509a909273a3904f6e71dbe/image.jpeg,male
5509a907273a3904f6e71d4e,Jarosław Rusiecki,,,Prawo i Sprawiedliwość,5509a91d273a3904f6e7228e,,Sejm,5509a8fb273a3904f6e71a64,,,http://files.parldata.eu/pl/sejm/people/5509a907273a3904f6e71d4e/image.jpeg,male
5509a906273a3904f6e71d02,Jarosław Sellin,,,Prawo i Sprawiedliwość,5509a91d273a3904f6e7228e,,Sejm,5509a8fb273a3904f6e71a64,,,http://files.parldata.eu/pl/sejm/people/5509a906273a3904f6e71d02/image.jpeg,male
5509a8fe273a3904f6e71afe,Jarosław Stawiarski,,,Prawo i Sprawiedliwość,5509a91d273a3904f6e7228e,,Sejm,5509a8fb273a3904f6e71a64,,,http://resources.sejmometr.pl/mowcy/a/0/1555.jpg,male
5509a913273a3904f6e7201a,Jarosław Tomasz Jagiełło,,,Niezrzeszeni,5509a91d273a3904f6e72298,,Sejm,5509a8fb273a3904f6e71a64,,,http://files.parldata.eu/pl/sejm/people/5509a913273a3904f6e7201a/image.jpeg,male
5509a900273a3904f6e71b96,Jarosław Zieliński,,,Prawo i Sprawiedliwość,5509a91d273a3904f6e7228e,,Sejm,5509a8fb273a3904f6e71a64,,,http://files.parldata.eu/pl/sejm/people/5509a900273a3904f6e71b96/image.jpeg,male
5509a8ff273a3904f6e71b36,Jarosław Żaczek,,,Klub Parlamentarny Sprawiedliwa Polska,5509a91d273a3904f6e72294,,Sejm,5509a8fb273a3904f6e71a64,,,http://files.parldata.eu/pl/sejm/people/5509a8ff273a3904f6e71b36/image.jpeg,male
5509a91a273a3904f6e721e2,Jerzy Borkowski,,,Niezrzeszeni,5509a91d273a3904f6e72298,,Sejm,5509a8fb273a3904f6e71a64,,,http://files.parldata.eu/pl/sejm/people/5509a91a273a3904f6e721e2/image.jpeg,male
5509a91a273a3904f6e721ba,Jerzy Borowczak,,,Platforma Obywatelska,5509a91d273a3904f6e7228c,,Sejm,5509a8fb273a3904f6e71a64,,,http://files.parldata.eu/pl/sejm/people/5509a91a273a3904f6e721ba/image.jpeg,male
5509a919273a3904f6e72186,Jerzy Budnik,,,Platforma Obywatelska,5509a91d273a3904f6e7228c,,Sejm,5509a8fb273a3904f6e71a64,,,http://files.parldata.eu/pl/sejm/people/5509a919273a3904f6e72186/image.jpeg,male
5509a8fb273a3904f6e71a72,Jerzy Fedorowicz,,,Platforma Obywatelska,5509a91d273a3904f6e7228c,,Sejm,5509a8fb273a3904f6e71a64,,,http://files.parldata.eu/pl/sejm/people/5509a8fb273a3904f6e71a72/image.jpeg,male
5509a8fc273a3904f6e71a8e,Jerzy Kozdroń,,,Platforma Obywatelska,5509a91d273a3904f6e7228c,,Sejm,5509a8fb273a3904f6e71a64,,,http://files.parldata.eu/pl/sejm/people/5509a8fc273a3904f6e71a8e/image.jpeg,male
5509a90d273a3904f6e71eb2,Jerzy Materna,,,Prawo i Sprawiedliwość,5509a91d273a3904f6e7228e,,Sejm,5509a8fb273a3904f6e71a64,,,http://files.parldata.eu/pl/sejm/people/5509a90d273a3904f6e71eb2/image.jpeg,male
5509a909273a3904f6e71d9e,Jerzy Polaczek,,,Prawo i Sprawiedliwość,5509a91d273a3904f6e7228e,,Sejm,5509a8fb273a3904f6e71a64,,,http://files.parldata.eu/pl/sejm/people/5509a909273a3904f6e71d9e/image.jpeg,male
5509a906273a3904f6e71d1e,Jerzy Rębek,,,Prawo i Sprawiedliwość,5509a91d273a3904f6e7228e,,Sejm,5509a8fb273a3904f6e71a64,,,http://files.parldata.eu/pl/sejm/people/5509a906273a3904f6e71d1e/image.jpeg,male
5509a905273a3904f6e71cae,Jerzy Szmit,,,Prawo i Sprawiedliwość,5509a91d273a3904f6e7228e,,Sejm,5509a8fb273a3904f6e71a64,,,http://files.parldata.eu/pl/sejm/people/5509a905273a3904f6e71cae/image.jpeg,male
5509a904273a3904f6e71c82,Jerzy Sądel,,,Prawo i Sprawiedliwość,5509a91d273a3904f6e7228e,,Sejm,5509a8fb273a3904f6e71a64,,,http://files.parldata.eu/pl/sejm/people/5509a904273a3904f6e71c82/image.jpeg,male
5509a902273a3904f6e71c1e,Jerzy Wenderlich,,,Sojusz Lewicy Demokratycznej,5509a91d273a3904f6e72290,,Sejm,5509a8fb273a3904f6e71a64,,,http://files.parldata.eu/pl/sejm/people/5509a902273a3904f6e71c1e/image.jpeg,male
5509a900273a3904f6e71b7a,Jerzy Ziętek,,,Niezrzeszeni,5509a91d273a3904f6e72298,,Sejm,5509a8fb273a3904f6e71a64,,,http://files.parldata.eu/pl/sejm/people/5509a900273a3904f6e71b7a/image.jpeg,male
5509a8ff273a3904f6e71b5e,Jerzy Żyżyński,,,Prawo i Sprawiedliwość,5509a91d273a3904f6e7228e,,Sejm,5509a8fb273a3904f6e71a64,,,http://files.parldata.eu/pl/sejm/people/5509a8ff273a3904f6e71b5e/image.jpeg,male
5509a919273a3904f6e721b2,Joachim Brudziński,,,Prawo i Sprawiedliwość,5509a91d273a3904f6e7228e,,Sejm,5509a8fb273a3904f6e71a64,,,http://files.parldata.eu/pl/sejm/people/5509a919273a3904f6e721b2/image.jpeg,male
5509a91a273a3904f6e721ca,Joanna Bobowska,,,Platforma Obywatelska,5509a91d273a3904f6e7228c,,Sejm,5509a8fb273a3904f6e71a64,,,http://files.parldata.eu/pl/sejm/people/5509a91a273a3904f6e721ca/image.jpeg,female
5509a8fb273a3904f6e71a7a,Joanna Fabisiak,,,Platforma Obywatelska,5509a91d273a3904f6e7228c,,Sejm,5509a8fb273a3904f6e71a64,,,http://files.parldata.eu/pl/sejm/people/5509a8fb273a3904f6e71a7a/image.jpeg,female
5509a911273a3904f6e71f8a,Joanna Kluzik-Rostkowska,,,Platforma Obywatelska,5509a91d273a3904f6e7228c,,Sejm,5509a8fb273a3904f6e71a64,,,http://files.parldata.eu/pl/sejm/people/5509a911273a3904f6e71f8a/image.jpeg,female
5509a90c273a3904f6e71e76,Joanna Mucha,,,Platforma Obywatelska,5509a91d273a3904f6e7228c,,Sejm,5509a8fb273a3904f6e71a64,,,http://files.parldata.eu/pl/sejm/people/5509a90c273a3904f6e71e76/image.jpeg,female
5509a915273a3904f6e720ae,John Abraham Godson,,,Polskie Stronnictwo Ludowe,5509a91d273a3904f6e72292,,Sejm,5509a8fb273a3904f6e71a64,,,http://files.parldata.eu/pl/sejm/people/5509a915273a3904f6e720ae/image.jpeg,male
5509a904273a3904f6e71caa,Jolanta Szczypińska,,,Prawo i Sprawiedliwość,5509a91d273a3904f6e7228e,,Sejm,5509a8fb273a3904f6e71a64,,,http://files.parldata.eu/pl/sejm/people/5509a904273a3904f6e71caa/image.jpeg,female
5509a909273a3904f6e71dc2,Julia Pitera,,,Platforma Obywatelska,5509a91d273a3904f6e7228c,,Sejm,5509a8fb273a3904f6e71a64,,,http://files.parldata.eu/pl/sejm/people/5509a909273a3904f6e71dc2/image.jpeg,female
5509a90f273a3904f6e71f0a,Józef Lassota,,,Platforma Obywatelska,5509a91d273a3904f6e7228c,,Sejm,5509a8fb273a3904f6e71a64,,,http://files.parldata.eu/pl/sejm/people/5509a90f273a3904f6e71f0a/image.jpeg,male
5509a908273a3904f6e71d86,Józef Racki,,,Polskie Stronnictwo Ludowe,5509a91d273a3904f6e72292,,Sejm,5509a8fb273a3904f6e71a64,,,http://files.parldata.eu/pl/sejm/people/5509a908273a3904f6e71d86/image.jpeg,male
5509a908273a3904f6e71d66,Józef Rojek,,,Klub Parlamentarny Sprawiedliwa Polska,5509a91d273a3904f6e72294,,Sejm,5509a8fb273a3904f6e71a64,,,http://files.parldata.eu/pl/sejm/people/5509a908273a3904f6e71d66/image.jpeg,male
5509a908273a3904f6e71d66,Józef Rojek,,,Zjednoczona Prawica,550ff3d3273a3974baf6b76b,,Sejm,5509a8fb273a3904f6e71a64,,,http://files.parldata.eu/pl/sejm/people/5509a908273a3904f6e71d66/image.jpeg,male
5509a8ff273a3904f6e71b6a,Józef Zych,,,Polskie Stronnictwo Ludowe,5509a91d273a3904f6e72292,,Sejm,5509a8fb273a3904f6e71a64,,,http://files.parldata.eu/pl/sejm/people/5509a8ff273a3904f6e71b6a/image.jpeg,male
5509a913273a3904f6e72022,Józefa Hrynkiewicz,,,Prawo i Sprawiedliwość,5509a91d273a3904f6e7228e,,Sejm,5509a8fb273a3904f6e71a64,,,http://files.parldata.eu/pl/sejm/people/5509a913273a3904f6e72022/image.jpeg,female
5509a914273a3904f6e7205e,Katarzyna Hall,,,Platforma Obywatelska,5509a91d273a3904f6e7228c,,Sejm,5509a8fb273a3904f6e71a64,,,http://files.parldata.eu/pl/sejm/people/5509a914273a3904f6e7205e/image.jpeg,female
5509a90d273a3904f6e71eba,Katarzyna Matusik-Lipiec,,,Platforma Obywatelska,5509a91d273a3904f6e7228c,,Sejm,5509a8fb273a3904f6e71a64,,,http://files.parldata.eu/pl/sejm/people/5509a90d273a3904f6e71eba/image.jpeg,female
5509a8fe273a3904f6e71b16,Katarzyna Stachowicz,,,Platforma Obywatelska,5509a91d273a3904f6e7228c,,Sejm,5509a8fb273a3904f6e71a64,,,http://resources.sejmometr.pl/mowcy/a/0/1558.jpg,female
5509a915273a3904f6e7208a,Kazimierz Gołojuch,,,Prawo i Sprawiedliwość,5509a91d273a3904f6e7228e,,Sejm,5509a8fb273a3904f6e71a64,,,http://files.parldata.eu/pl/sejm/people/5509a915273a3904f6e7208a/image.jpeg,male
5509a902273a3904f6e71c16,Kazimierz Michał Ujazdowski,,,Prawo i Sprawiedliwość,5509a91d273a3904f6e7228e,,Sejm,5509a8fb273a3904f6e71a64,,,http://files.parldata.eu/pl/sejm/people/5509a902273a3904f6e71c16/image.jpeg,male
5509a90c273a3904f6e71e8e,Kazimierz Moskal,,,Prawo i Sprawiedliwość,5509a91d273a3904f6e7228e,,Sejm,5509a8fb273a3904f6e71a64,,,http://files.parldata.eu/pl/sejm/people/5509a90c273a3904f6e71e8e/image.jpeg,male
5509a909273a3904f6e71dae,Kazimierz Plocke,,,Platforma Obywatelska,5509a91d273a3904f6e7228c,,Sejm,5509a8fb273a3904f6e71a64,,,http://files.parldata.eu/pl/sejm/people/5509a909273a3904f6e71dae/image.jpeg,male
5509a905273a3904f6e71cce,Kazimierz Smoliński,,,Prawo i Sprawiedliwość,5509a91d273a3904f6e7228e,,Sejm,5509a8fb273a3904f6e71a64,,,http://files.parldata.eu/pl/sejm/people/5509a905273a3904f6e71cce/image.jpeg,male
5509a900273a3904f6e71b7e,Kazimierz Ziobro,,,Zjednoczona Prawica,550ff3d3273a3974baf6b76b,,Sejm,5509a8fb273a3904f6e71a64,,,http://files.parldata.eu/pl/sejm/people/5509a900273a3904f6e71b7e/image.jpeg,male
5509a900273a3904f6e71b7e,Kazimierz Ziobro,,,Klub Parlamentarny Sprawiedliwa Polska,5509a91d273a3904f6e72294,,Sejm,5509a8fb273a3904f6e71a64,,,http://files.parldata.eu/pl/sejm/people/5509a900273a3904f6e71b7e/image.jpeg,male
5509a90c273a3904f6e71e72,Killion Munyama,,,Platforma Obywatelska,5509a91d273a3904f6e7228c,,Sejm,5509a8fb273a3904f6e71a64,,,http://files.parldata.eu/pl/sejm/people/5509a90c273a3904f6e71e72/image.jpeg,male
5509a90c273a3904f6e71e92,Konstanty Miodowicz,,,Platforma Obywatelska,5509a91d273a3904f6e7228c,,Sejm,5509a8fb273a3904f6e71a64,,,http://files.parldata.eu/pl/sejm/people/5509a90c273a3904f6e71e92/image.jpeg,male
5509a90b273a3904f6e71e22,Konstanty Oświęcimski,,,Platforma Obywatelska,5509a91d273a3904f6e7228c,,Sejm,5509a8fb273a3904f6e71a64,,,http://files.parldata.eu/pl/sejm/people/5509a90b273a3904f6e71e22/image.jpeg,male
5509a900273a3904f6e71b76,Kosma Złotowski,,,Prawo i Sprawiedliwość,5509a91d273a3904f6e7228e,,Sejm,5509a8fb273a3904f6e71a64,,,http://files.parldata.eu/pl/sejm/people/5509a900273a3904f6e71b76/image.jpeg,male
5509a90f273a3904f6e71f12,Krystyna Kłosin,,,Platforma Obywatelska,5509a91d273a3904f6e7228c,,Sejm,5509a8fb273a3904f6e71a64,,,http://files.parldata.eu/pl/sejm/people/5509a90f273a3904f6e71f12/image.jpeg,female
5509a8fd273a3904f6e71ac6,Krystyna Ozga,,,Polskie Stronnictwo Ludowe,5509a91d273a3904f6e72292,,Sejm,5509a8fb273a3904f6e71a64,,,http://files.parldata.eu/pl/sejm/people/5509a8fd273a3904f6e71ac6/image.jpeg,female
5509a90a273a3904f6e71df2,Krystyna Pawłowicz,,,Prawo i Sprawiedliwość,5509a91d273a3904f6e7228e,,Sejm,5509a8fb273a3904f6e71a64,,,http://files.parldata.eu/pl/sejm/people/5509a90a273a3904f6e71df2/image.jpeg,female
5509a908273a3904f6e71d8e,Krystyna Poślednia,,,Platforma Obywatelska,5509a91d273a3904f6e7228c,,Sejm,5509a8fb273a3904f6e71a64,,,http://files.parldata.eu/pl/sejm/people/5509a908273a3904f6e71d8e/image.jpeg,female
5509a906273a3904f6e71cee,Krystyna Sibińska,,,Platforma Obywatelska,5509a91d273a3904f6e7228c,,Sejm,5509a8fb273a3904f6e71a64,,,http://files.parldata.eu/pl/sejm/people/5509a906273a3904f6e71cee/image.jpeg,female
5509a905273a3904f6e71cd6,Krystyna Skowrońska,,,Platforma Obywatelska,5509a91d273a3904f6e7228c,,Sejm,5509a8fb273a3904f6e71a64,,,http://files.parldata.eu/pl/sejm/people/5509a905273a3904f6e71cd6/image.jpeg,female
5509a904273a3904f6e71c96,Krystyna Szumilas,,,Platforma Obywatelska,5509a91d273a3904f6e7228c,,Sejm,5509a8fb273a3904f6e71a64,,,http://files.parldata.eu/pl/sejm/people/5509a904273a3904f6e71c96/image.jpeg,female
5509a8ff273a3904f6e71b3e,Krystyna Łybacka,,,Sojusz Lewicy Demokratycznej,5509a91d273a3904f6e72290,,Sejm,5509a8fb273a3904f6e71a64,,,http://files.parldata.eu/pl/sejm/people/5509a8ff273a3904f6e71b3e/image.jpeg,female
5509a91a273a3904f6e721c2,Krzysztof Borkowski,,,Polskie Stronnictwo Ludowe,5509a91d273a3904f6e72292,,Sejm,5509a8fb273a3904f6e71a64,,,http://files.parldata.eu/pl/sejm/people/5509a91a273a3904f6e721c2/image.jpeg,male
5509a91a273a3904f6e721b6,Krzysztof Brejza,,,Platforma Obywatelska,5509a91d273a3904f6e7228c,,Sejm,5509a8fb273a3904f6e71a64,,,http://files.parldata.eu/pl/sejm/people/5509a91a273a3904f6e721b6/image.jpeg,male
5509a8fb273a3904f6e71a66,Krzysztof Gadowski,,,Platforma Obywatelska,5509a91d273a3904f6e7228c,,Sejm,5509a8fb273a3904f6e71a64,,,http://files.parldata.eu/pl/sejm/people/5509a8fb273a3904f6e71a66/image.jpeg,male
5509a912273a3904f6e71fe2,Krzysztof Jurgiel,,,Prawo i Sprawiedliwość,5509a91d273a3904f6e7228e,,Sejm,5509a8fb273a3904f6e71a64,,,http://files.parldata.eu/pl/sejm/people/5509a912273a3904f6e71fe2/image.jpeg,male
5509a90f273a3904f6e71f26,Krzysztof Kwiatkowski,,,Platforma Obywatelska,5509a91d273a3904f6e7228c,,Sejm,5509a8fb273a3904f6e71a64,,,http://files.parldata.eu/pl/sejm/people/5509a90f273a3904f6e71f26/image.jpeg,male
5509a90f273a3904f6e71f0e,Krzysztof Kłosowski,,,Sojusz Lewicy Demokratycznej,5509a91d273a3904f6e72290,,Sejm,5509a8fb273a3904f6e71a64,,,http://files.parldata.eu/pl/sejm/people/5509a90f273a3904f6e71f0e/image.jpeg,male
5509a90e273a3904f6e71f02,Krzysztof Lipiec,,,Prawo i Sprawiedliwość,5509a91d273a3904f6e7228e,,Sejm,5509a8fb273a3904f6e71a64,,,http://files.parldata.eu/pl/sejm/people/5509a90e273a3904f6e71f02/image.jpeg,male
5509a90e273a3904f6e71ede,Krzysztof Maciejewski,,,Prawo i Sprawiedliwość,5509a91d273a3904f6e7228e,,Sejm,5509a8fb273a3904f6e71a64,,,http://resources.sejmometr.pl/mowcy/a/0/1557.jpg,male
5509a90c273a3904f6e71e96,Krzysztof Michałkiewicz,,,Prawo i Sprawiedliwość,5509a91d273a3904f6e7228e,,Sejm,5509a8fb273a3904f6e71a64,,,http://files.parldata.eu/pl/sejm/people/5509a90c273a3904f6e71e96/image.jpeg,male
5509a908273a3904f6e71d9a,Krzysztof Popiołek,,,Zjednoczona Prawica,550ff3d3273a3974baf6b76b,,Sejm,5509a8fb273a3904f6e71a64,,,http://files.parldata.eu/pl/sejm/people/5509a908273a3904f6e71d9a/image.jpeg,male
5509a908273a3904f6e71d9a,Krzysztof Popiołek,,,Klub Parlamentarny Sprawiedliwa Polska,5509a91d273a3904f6e72294,,Sejm,5509a8fb273a3904f6e71a64,,,http://files.parldata.eu/pl/sejm/people/5509a908273a3904f6e71d9a/image.jpeg,male
5509a8fe273a3904f6e71b1a,Krzysztof Sońta,,,Prawo i Sprawiedliwość,5509a91d273a3904f6e7228e,,Sejm,5509a8fb273a3904f6e71a64,,,http://files.parldata.eu/pl/sejm/people/5509a8fe273a3904f6e71b1a/image.jpeg,male
5509a905273a3904f6e71cba,Krzysztof Szczerski,,,Prawo i Sprawiedliwość,5509a91d273a3904f6e7228e,,Sejm,5509a8fb273a3904f6e71a64,,,http://files.parldata.eu/pl/sejm/people/5509a905273a3904f6e71cba/image.jpeg,male
5509a903273a3904f6e71c5e,Krzysztof Tchórzewski,,,Prawo i Sprawiedliwość,5509a91d273a3904f6e7228e,,Sejm,5509a8fb273a3904f6e71a64,,,http://files.parldata.eu/pl/sejm/people/5509a903273a3904f6e71c5e/image.jpeg,male
5509a911273a3904f6e71f86,Lech Kołakowski,,,Prawo i Sprawiedliwość,5509a91d273a3904f6e7228e,,Sejm,5509a8fb273a3904f6e71a64,,,http://files.parldata.eu/pl/sejm/people/5509a911273a3904f6e71f86/image.jpeg,male
5509a8fe273a3904f6e71b26,Lech Sprawka,,,Prawo i Sprawiedliwość,5509a91d273a3904f6e7228e,,Sejm,5509a8fb273a3904f6e71a64,,,http://files.parldata.eu/pl/sejm/people/5509a8fe273a3904f6e71b26/image.jpeg,male
5509a910273a3904f6e71f6a,Leonard Krasulski,,,Prawo i Sprawiedliwość,5509a91d273a3904f6e7228e,,Sejm,5509a8fb273a3904f6e71a64,,,http://files.parldata.eu/pl/sejm/people/5509a910273a3904f6e71f6a/image.jpeg,male
5509a91c273a3904f6e72242,Leszek Aleksandrzak,,,Sojusz Lewicy Demokratycznej,5509a91d273a3904f6e72290,,Sejm,5509a8fb273a3904f6e71a64,,,http://files.parldata.eu/pl/sejm/people/5509a91c273a3904f6e72242/image.jpeg,male
5509a91a273a3904f6e721e6,Leszek Blanik,,,Platforma Obywatelska,5509a91d273a3904f6e7228c,,Sejm,5509a8fb273a3904f6e71a64,,,http://files.parldata.eu/pl/sejm/people/5509a91a273a3904f6e721e6/image.jpeg,male
5509a917273a3904f6e72112,Leszek Dobrzyński,,,Prawo i Sprawiedliwość,5509a91d273a3904f6e7228e,,Sejm,5509a8fb273a3904f6e71a64,,,http://files.parldata.eu/pl/sejm/people/5509a917273a3904f6e72112/image.jpeg,male
5509a912273a3904f6e71fee,Leszek Jastrzębski,,,Platforma Obywatelska,5509a91d273a3904f6e7228c,,Sejm,5509a8fb273a3904f6e71a64,,,http://files.parldata.eu/pl/sejm/people/5509a912273a3904f6e71fee/image.jpeg,male
5509a8fc273a3904f6e71aaa,Leszek Korzeniowski,,,Platforma Obywatelska,5509a91d273a3904f6e7228c,,Sejm,5509a8fb273a3904f6e71a64,,,http://files.parldata.eu/pl/sejm/people/5509a8fc273a3904f6e71aaa/image.jpeg,male
5509a90d273a3904f6e71e9a,Leszek Miller,,,Sojusz Lewicy Demokratycznej,5509a91d273a3904f6e72290,,Sejm,5509a8fb273a3904f6e71a64,,,http://files.parldata.eu/pl/sejm/people/5509a90d273a3904f6e71e9a/image.jpeg,male
5509a914273a3904f6e72072,Lidia Gądek,,,Platforma Obywatelska,5509a91d273a3904f6e7228c,,Sejm,5509a8fb273a3904f6e71a64,,,http://files.parldata.eu/pl/sejm/people/5509a914273a3904f6e72072/image.jpeg,female
5509a8fe273a3904f6e71b02,Lidia Staroń,,,Platforma Obywatelska,5509a91d273a3904f6e7228c,,Sejm,5509a8fb273a3904f6e71a64,,,http://files.parldata.eu/pl/sejm/people/5509a8fe273a3904f6e71b02/image.jpeg,female
5509a910273a3904f6e71f62,Ligia Krajewska,,,Platforma Obywatelska,5509a91d273a3904f6e7228c,,Sejm,5509a8fb273a3904f6e71a64,,,http://files.parldata.eu/pl/sejm/people/5509a910273a3904f6e71f62/image.jpeg,female
5509a909273a3904f6e71dd2,Lucjan Marek Pietrzczyk,,,Platforma Obywatelska,5509a91d273a3904f6e7228c,,Sejm,5509a8fb273a3904f6e71a64,,,http://files.parldata.eu/pl/sejm/people/5509a909273a3904f6e71dd2/image.jpeg,male
5509a917273a3904f6e7210e,Ludwik Dorn,,,Niezrzeszeni,5509a91d273a3904f6e72298,,Sejm,5509a8fb273a3904f6e71a64,,,http://files.parldata.eu/pl/sejm/people/5509a917273a3904f6e7210e/image.jpeg,male
5509a917273a3904f6e7210e,Ludwik Dorn,,,Solidarna Polska,5509a91d273a3904f6e7229c,,Sejm,5509a8fb273a3904f6e71a64,,,http://files.parldata.eu/pl/sejm/people/5509a917273a3904f6e7210e/image.jpeg,male
5509a91b273a3904f6e721fe,Maciej Banaszak,,,Sojusz Lewicy Demokratycznej,5509a91d273a3904f6e72290,,Sejm,5509a8fb273a3904f6e71a64,,,http://files.parldata.eu/pl/sejm/people/5509a91b273a3904f6e721fe/image.jpeg,male
5509a90d273a3904f6e71e9e,Maciej Małecki,,,Prawo i Sprawiedliwość,5509a91d273a3904f6e7228e,,Sejm,5509a8fb273a3904f6e71a64,,,http://files.parldata.eu/pl/sejm/people/5509a90d273a3904f6e71e9e/image.jpeg,male
5509a90c273a3904f6e71e7e,Maciej Mroczek,,,Niezrzeszeni,5509a91d273a3904f6e72298,,Sejm,5509a8fb273a3904f6e71a64,,,http://files.parldata.eu/pl/sejm/people/5509a90c273a3904f6e71e7e/image.jpeg,male
5509a90c273a3904f6e71e7e,Maciej Mroczek,,,Ruch Palikota,5509a91d273a3904f6e7229a,,Sejm,5509a8fb273a3904f6e71a64,,,http://files.parldata.eu/pl/sejm/people/5509a90c273a3904f6e71e7e/image.jpeg,male
5509a8fd273a3904f6e71ade,Maciej Orzechowski,,,Platforma Obywatelska,5509a91d273a3904f6e7228c,,Sejm,5509a8fb273a3904f6e71a64,,,http://files.parldata.eu/pl/sejm/people/5509a8fd273a3904f6e71ade/image.jpeg,male
5509a901273a3904f6e71bc2,Maciej Wydrzyński,,,Ruch Palikota,5509a91d273a3904f6e7229a,,Sejm,5509a8fb273a3904f6e71a64,,,http://files.parldata.eu/pl/sejm/people/5509a901273a3904f6e71bc2/image.jpeg,male
5509a901273a3904f6e71bc2,Maciej Wydrzyński,,,Niezrzeszeni,5509a91d273a3904f6e72298,,Sejm,5509a8fb273a3904f6e71a64,,,http://files.parldata.eu/pl/sejm/people/5509a901273a3904f6e71bc2/image.jpeg,male
5509a900273a3904f6e71baa,Maciej Zieliński,,,Platforma Obywatelska,5509a91d273a3904f6e7228c,,Sejm,5509a8fb273a3904f6e71a64,,,http://files.parldata.eu/pl/sejm/people/5509a900273a3904f6e71baa/image.jpeg,male
5509a8ff273a3904f6e71b46,Maciej Łopiński,,,Prawo i Sprawiedliwość,5509a91d273a3904f6e7228e,,Sejm,5509a8fb273a3904f6e71a64,,,http://files.parldata.eu/pl/sejm/people/5509a8ff273a3904f6e71b46/image.jpeg,male
5509a914273a3904f6e7206e,Magdalena Gąsior-Marek,,,Platforma Obywatelska,5509a91d273a3904f6e7228c,,Sejm,5509a8fb273a3904f6e71a64,,,http://files.parldata.eu/pl/sejm/people/5509a914273a3904f6e7206e/image.jpeg,female
5509a8fc273a3904f6e71ab6,Magdalena Kochan,,,Platforma Obywatelska,5509a91d273a3904f6e7228c,,Sejm,5509a8fb273a3904f6e71a64,,,http://files.parldata.eu/pl/sejm/people/5509a8fc273a3904f6e71ab6/image.jpeg,female
5509a910273a3904f6e71f6e,Maks Kraczkowski,,,Prawo i Sprawiedliwość,5509a91d273a3904f6e7228e,,Sejm,5509a8fb273a3904f6e71a64,,,http://files.parldata.eu/pl/sejm/people/5509a910273a3904f6e71f6e/image.jpeg,male
5509a916273a3904f6e720ee,Marcin Duszek,,,Prawo i Sprawiedliwość,5509a91d273a3904f6e7228e,,Sejm,5509a8fb273a3904f6e71a64,,,http://resources.sejmometr.pl/mowcy/a/0/1551.jpg,male
5509a911273a3904f6e71f9a,Marcin Kierwiński,,,Platforma Obywatelska,5509a91d273a3904f6e7228c,,Sejm,5509a8fb273a3904f6e71a64,,,http://files.parldata.eu/pl/sejm/people/5509a911273a3904f6e71f9a/image.jpeg,male
5509a90d273a3904f6e71ece,Marcin Mastalerek,,,Prawo i Sprawiedliwość,5509a91d273a3904f6e7228e,,Sejm,5509a8fb273a3904f6e71a64,,,http://files.parldata.eu/pl/sejm/people/5509a90d273a3904f6e71ece/image.jpeg,male
5509a902273a3904f6e71c02,Marcin Witko,,,Prawo i Sprawiedliwość,5509a91d273a3904f6e7228e,,Sejm,5509a8fb273a3904f6e71a64,,,http://files.parldata.eu/pl/sejm/people/5509a902273a3904f6e71c02/image.jpeg,male
5509a8fe273a3904f6e71b32,Marcin Święcicki,,,Platforma Obywatelska,5509a91d273a3904f6e7228c,,Sejm,5509a8fb273a3904f6e71a64,,,http://files.parldata.eu/pl/sejm/people/5509a8fe273a3904f6e71b32/image.jpeg,male
5509a91b273a3904f6e72212,Marek Ast,,,Prawo i Sprawiedliwość,5509a91d273a3904f6e7228e,,Sejm,5509a8fb273a3904f6e71a64,,,http://files.parldata.eu/pl/sejm/people/5509a91b273a3904f6e72212/image.jpeg,male
5509a91b273a3904f6e721fa,Marek Balt,,,Sojusz Lewicy Demokratycznej,5509a91d273a3904f6e72290,,Sejm,5509a8fb273a3904f6e71a64,,,http://files.parldata.eu/pl/sejm/people/5509a91b273a3904f6e721fa/image.jpeg,male
5509a91a273a3904f6e721ce,Marek Biernacki,,,Platforma Obywatelska,5509a91d273a3904f6e7228c,,Sejm,5509a8fb273a3904f6e71a64,,,http://files.parldata.eu/pl/sejm/people/5509a91a273a3904f6e721ce/image.jpeg,male
5509a917273a3904f6e72116,Marek Domaracki,,,Sojusz Lewicy Demokratycznej,5509a91d273a3904f6e72290,,Sejm,5509a8fb273a3904f6e71a64,,,http://files.parldata.eu/pl/sejm/people/5509a917273a3904f6e72116/image.jpeg,male
5509a915273a3904f6e7209e,Marek Gos,,,Polskie Stronnictwo Ludowe,5509a91d273a3904f6e72292,,Sejm,5509a8fb273a3904f6e71a64,,,http://files.parldata.eu/pl/sejm/people/5509a915273a3904f6e7209e/image.jpeg,male
5509a913273a3904f6e7202a,Marek Hok,,,Platforma Obywatelska,5509a91d273a3904f6e7228c,,Sejm,5509a8fb273a3904f6e71a64,,,http://files.parldata.eu/pl/sejm/people/5509a913273a3904f6e7202a/image.jpeg,male
5509a910273a3904f6e71f5e,Marek Krząkała,,,Platforma Obywatelska,5509a91d273a3904f6e7228c,,Sejm,5509a8fb273a3904f6e71a64,,,http://files.parldata.eu/pl/sejm/people/5509a910273a3904f6e71f5e/image.jpeg,male
5509a90f273a3904f6e71f36,Marek Kuchciński,,,Prawo i Sprawiedliwość,5509a91d273a3904f6e7228e,,Sejm,5509a8fb273a3904f6e71a64,,,http://files.parldata.eu/pl/sejm/people/5509a90f273a3904f6e71f36/image.jpeg,male
5509a90f273a3904f6e71f1a,Marek Kwitek,,,Prawo i Sprawiedliwość,5509a91d273a3904f6e7228e,,Sejm,5509a8fb273a3904f6e71a64,,,http://resources.sejmometr.pl/mowcy/a/0/1533.jpg,male
5509a90d273a3904f6e71ea2,Marek Matuszewski,,,Prawo i Sprawiedliwość,5509a91d273a3904f6e7228e,,Sejm,5509a8fb273a3904f6e71a64,,,http://files.parldata.eu/pl/sejm/people/5509a90d273a3904f6e71ea2/image.jpeg,male
5509a90b273a3904f6e71e4a,Marek Niedbała,,,Sojusz Lewicy Demokratycznej,5509a91d273a3904f6e72290,,Sejm,5509a8fb273a3904f6e71a64,,,http://files.parldata.eu/pl/sejm/people/5509a90b273a3904f6e71e4a/image.jpeg,male
5509a8fd273a3904f6e71ae6,Marek Opioła,,,Prawo i Sprawiedliwość,5509a91d273a3904f6e7228e,,Sejm,5509a8fb273a3904f6e71a64,,,http://files.parldata.eu/pl/sejm/people/5509a8fd273a3904f6e71ae6/image.jpeg,male
5509a909273a3904f6e71db2,Marek Plura,,,Platforma Obywatelska,5509a91d273a3904f6e7228c,,Sejm,5509a8fb273a3904f6e71a64,,,http://files.parldata.eu/pl/sejm/people/5509a909273a3904f6e71db2/image.jpeg,male
5509a909273a3904f6e71db6,Marek Polak,,,Prawo i Sprawiedliwość,5509a91d273a3904f6e7228e,,Sejm,5509a8fb273a3904f6e71a64,,,http://files.parldata.eu/pl/sejm/people/5509a909273a3904f6e71db6/image.jpeg,male
55a289fe273a39085224806f,Marek Poręba,,,Platforma Obywatelska,5509a91d273a3904f6e7228c,,Sejm,5509a8fb273a3904f6e71a64,,,http://resources.sejmometr.pl/mowcy/a/0/1582.jpg,male
5509a908273a3904f6e71d92,Marek Poznański,,,Niezrzeszeni,5509a91d273a3904f6e72298,,Sejm,5509a8fb273a3904f6e71a64,,,http://files.parldata.eu/pl/sejm/people/5509a908273a3904f6e71d92/image.jpeg,male
5509a907273a3904f6e71d32,Marek Rząsa,,,Platforma Obywatelska,5509a91d273a3904f6e7228c,,Sejm,5509a8fb273a3904f6e71a64,,,http://files.parldata.eu/pl/sejm/people/5509a907273a3904f6e71d32/image.jpeg,male
5509a906273a3904f6e71d12,Marek Sawicki,,,Polskie Stronnictwo Ludowe,5509a91d273a3904f6e72292,,Sejm,5509a8fb273a3904f6e71a64,,,http://files.parldata.eu/pl/sejm/people/5509a906273a3904f6e71d12/image.jpeg,male
5509a8fd273a3904f6e71afa,Marek Stolarski,,,Sojusz Lewicy Demokratycznej,5509a91d273a3904f6e72290,,Sejm,5509a8fb273a3904f6e71a64,,,http://files.parldata.eu/pl/sejm/people/5509a8fd273a3904f6e71afa/image.jpeg,male
5509a8fd273a3904f6e71af6,Marek Suski,,,Prawo i Sprawiedliwość,5509a91d273a3904f6e7228e,,Sejm,5509a8fb273a3904f6e71a64,,,http://files.parldata.eu/pl/sejm/people/5509a8fd273a3904f6e71af6/image.jpeg,male
5509a901273a3904f6e71bee,Marek Wojtkowski,,,Platforma Obywatelska,5509a91d273a3904f6e7228c,,Sejm,5509a8fb273a3904f6e71a64,,,http://files.parldata.eu/pl/sejm/people/5509a901273a3904f6e71bee/image.jpeg,male
5509a901273a3904f6e71bce,Marek Wójcik,,,Platforma Obywatelska,5509a91d273a3904f6e7228c,,Sejm,5509a8fb273a3904f6e71a64,,,http://files.parldata.eu/pl/sejm/people/5509a901273a3904f6e71bce/image.jpeg,male
5509a8ff273a3904f6e71b5a,Marek Łapiński,,,Platforma Obywatelska,5509a91d273a3904f6e7228c,,Sejm,5509a8fb273a3904f6e71a64,,,http://files.parldata.eu/pl/sejm/people/5509a8ff273a3904f6e71b5a/image.jpeg,male
5509a8ff273a3904f6e71b72,Marek Łatas,,,Prawo i Sprawiedliwość,5509a91d273a3904f6e7228e,,Sejm,5509a8fb273a3904f6e71a64,,,http://files.parldata.eu/pl/sejm/people/5509a8ff273a3904f6e71b72/image.jpeg,male
5509a912273a3904f6e72006,Maria Małgorzata Janyska,,,Platforma Obywatelska,5509a91d273a3904f6e7228c,,Sejm,5509a8fb273a3904f6e71a64,,,http://files.parldata.eu/pl/sejm/people/5509a912273a3904f6e72006/image.jpeg,female
5509a90b273a3904f6e71e46,Maria Nowak,,,Prawo i Sprawiedliwość,5509a91d273a3904f6e7228e,,Sejm,5509a8fb273a3904f6e71a64,,,http://files.parldata.eu/pl/sejm/people/5509a90b273a3904f6e71e46/image.jpeg,female
5509a900273a3904f6e71b8a,Maria Zuba,,,Prawo i Sprawiedliwość,5509a91d273a3904f6e7228e,,Sejm,5509a8fb273a3904f6e71a64,,,http://files.parldata.eu/pl/sejm/people/5509a900273a3904f6e71b8a/image.jpeg,female
5509a918273a3904f6e7214a,Marian Cycoń,,,Platforma Obywatelska,5509a91d273a3904f6e7228c,,Sejm,5509a8fb273a3904f6e71a64,,,http://files.parldata.eu/pl/sejm/people/5509a918273a3904f6e7214a/image.jpeg,male
5509a911273a3904f6e71fc2,Mariusz Antoni Kamiński,,,Niezrzeszeni,5509a91d273a3904f6e72298,,Sejm,5509a8fb273a3904f6e71a64,,,http://files.parldata.eu/pl/sejm/people/5509a911273a3904f6e71fc2/image.jpeg,male
5509a918273a3904f6e72172,Mariusz Błaszczak,,,Prawo i Sprawiedliwość,5509a91d273a3904f6e7228e,,Sejm,5509a8fb273a3904f6e71a64,,,http://files.parldata.eu/pl/sejm/people/5509a918273a3904f6e72172/image.jpeg,male
5509a915273a3904f6e72086,Mariusz Grad,,,Platforma Obywatelska,5509a91d273a3904f6e7228c,,Sejm,5509a8fb273a3904f6e71a64,,,http://files.parldata.eu/pl/sejm/people/5509a915273a3904f6e72086/image.jpeg,male
5509a912273a3904f6e71fd2,Mariusz Kamiński,,,Prawo i Sprawiedliwość,5509a91d273a3904f6e7228e,,Sejm,5509a8fb273a3904f6e71a64,,,http://files.parldata.eu/pl/sejm/people/5509a912273a3904f6e71fd2/image.jpeg,male
5509a912273a3904f6e71fea,Mariusz Orion Jędrysek,,,Prawo i Sprawiedliwość,5509a91d273a3904f6e7228e,,Sejm,5509a8fb273a3904f6e71a64,,,http://files.parldata.eu/pl/sejm/people/5509a912273a3904f6e71fea/image.jpeg,male
5509a902273a3904f6e71c06,Mariusz Witczak,,,Platforma Obywatelska,5509a91d273a3904f6e7228c,,Sejm,5509a8fb273a3904f6e71a64,,,http://files.parldata.eu/pl/sejm/people/5509a902273a3904f6e71c06/image.jpeg,male
5509a901273a3904f6e71bd2,Marzena Dorota Wróbel,,,Niezrzeszeni,5509a91d273a3904f6e72298,,Sejm,5509a8fb273a3904f6e71a64,,,http://files.parldata.eu/pl/sejm/people/5509a901273a3904f6e71bd2/image.jpeg,female
5509a90e273a3904f6e71eea,Marzena Machałek,,,Prawo i Sprawiedliwość,5509a91d273a3904f6e7228e,,Sejm,5509a8fb273a3904f6e71a64,,,http://files.parldata.eu/pl/sejm/people/5509a90e273a3904f6e71eea/image.jpeg,female
5509a90b273a3904f6e71e2a,Marzena Okła-Drewnowicz,,,Platforma Obywatelska,5509a91d273a3904f6e7228c,,Sejm,5509a8fb273a3904f6e71a64,,,http://files.parldata.eu/pl/sejm/people/5509a90b273a3904f6e71e2a/image.jpeg,female
5509a91c273a3904f6e7222e,Małgorzata Adamczak,,,Platforma Obywatelska,5509a91d273a3904f6e7228c,,Sejm,5509a8fb273a3904f6e71a64,,,http://files.parldata.eu/pl/sejm/people/5509a91c273a3904f6e7222e/image.jpeg,female
5509a918273a3904f6e7215a,Małgorzata Chomycz,,,Platforma Obywatelska,5509a91d273a3904f6e7228c,,Sejm,5509a8fb273a3904f6e71a64,,,http://files.parldata.eu/pl/sejm/people/5509a918273a3904f6e7215a/image.jpeg,female
5509a915273a3904f6e720aa,Małgorzata Gosiewska,,,Prawo i Sprawiedliwość,5509a91d273a3904f6e7228e,,Sejm,5509a8fb273a3904f6e71a64,,,http://files.parldata.eu/pl/sejm/people/5509a915273a3904f6e720aa/image.jpeg,female
5509a911273a3904f6e71f96,Małgorzata Kidawa-Błońska,,,Platforma Obywatelska,5509a91d273a3904f6e7228c,,Sejm,5509a8fb273a3904f6e71a64,,,http://files.parldata.eu/pl/sejm/people/5509a911273a3904f6e71f96/image.jpeg,female
5509a90d273a3904f6e71ec2,Małgorzata Marcinkiewicz,,,Ruch Palikota,5509a91d273a3904f6e7229a,,Sejm,5509a8fb273a3904f6e71a64,,,http://files.parldata.eu/pl/sejm/people/5509a90d273a3904f6e71ec2/image.jpeg,female
5509a90d273a3904f6e71ec2,Małgorzata Marcinkiewicz,,,Koło poselskie Bezpieczeństwo i Gospodarka,5509a91d273a3904f6e72296,,Sejm,5509a8fb273a3904f6e71a64,,,http://files.parldata.eu/pl/sejm/people/5509a90d273a3904f6e71ec2/image.jpeg,female
5509a90b273a3904f6e71e3a,Małgorzata Niemczyk,,,Platforma Obywatelska,5509a91d273a3904f6e7228c,,Sejm,5509a8fb273a3904f6e71a64,,,http://files.parldata.eu/pl/sejm/people/5509a90b273a3904f6e71e3a/image.jpeg,female
5509a908273a3904f6e71d82,Małgorzata Pępek,,,Platforma Obywatelska,5509a91d273a3904f6e7228c,,Sejm,5509a8fb273a3904f6e71a64,,,http://files.parldata.eu/pl/sejm/people/5509a908273a3904f6e71d82/image.jpeg,female
5509a906273a3904f6e71d1a,Małgorzata Sadurska,,,Prawo i Sprawiedliwość,5509a91d273a3904f6e7228e,,Sejm,5509a8fb273a3904f6e71a64,,,http://files.parldata.eu/pl/sejm/people/5509a906273a3904f6e71d1a/image.jpeg,female
5509a906273a3904f6e71cfa,Małgorzata Sekuła-Szmajdzińska,,,Sojusz Lewicy Demokratycznej,5509a91d273a3904f6e72290,,Sejm,5509a8fb273a3904f6e71a64,,,http://files.parldata.eu/pl/sejm/people/5509a906273a3904f6e71cfa/image.jpeg,female
5509a901273a3904f6e71bd6,Małgorzata Woźniak,,,Platforma Obywatelska,5509a91d273a3904f6e7228c,,Sejm,5509a8fb273a3904f6e71a64,,,http://resources.sejmometr.pl/mowcy/a/0/1564.jpg,female
5509a914273a3904f6e72042,Michał Jach,,,Prawo i Sprawiedliwość,5509a91d273a3904f6e7228e,,Sejm,5509a8fb273a3904f6e71a64,,,http://files.parldata.eu/pl/sejm/people/5509a914273a3904f6e72042/image.jpeg,male
5509a912273a3904f6e71fe6,Michał Jaros,,,Platforma Obywatelska,5509a91d273a3904f6e7228c,,Sejm,5509a8fb273a3904f6e71a64,,,http://files.parldata.eu/pl/sejm/people/5509a912273a3904f6e71fe6/image.jpeg,male
5509a912273a3904f6e71fde,Michał Kabaciński,,,Ruch Palikota,5509a91d273a3904f6e7229a,,Sejm,5509a8fb273a3904f6e71a64,,,http://files.parldata.eu/pl/sejm/people/5509a912273a3904f6e71fde/image.jpeg,male
5509a912273a3904f6e71fde,Michał Kabaciński,,,Niezrzeszeni,5509a91d273a3904f6e72298,,Sejm,5509a8fb273a3904f6e71a64,,,http://files.parldata.eu/pl/sejm/people/5509a912273a3904f6e71fde/image.jpeg,male
5509a8fe273a3904f6e71b0a,Michał Stuligrosz,,,Platforma Obywatelska,5509a91d273a3904f6e7228c,,Sejm,5509a8fb273a3904f6e71a64,,,http://files.parldata.eu/pl/sejm/people/5509a8fe273a3904f6e71b0a/image.jpeg,male
5509a905273a3904f6e71cc2,Michał Szczerba,,,Platforma Obywatelska,5509a91d273a3904f6e7228c,,Sejm,5509a8fb273a3904f6e71a64,,,http://files.parldata.eu/pl/sejm/people/5509a905273a3904f6e71cc2/image.jpeg,male
5509a90a273a3904f6e71e0e,Michał Tomasz Pacholski,,,Polskie Stronnictwo Ludowe,5509a91d273a3904f6e72292,,Sejm,5509a8fb273a3904f6e71a64,,,http://files.parldata.eu/pl/sejm/people/5509a90a273a3904f6e71e0e/image.jpeg,male
5509a901273a3904f6e71be2,Michał Wojtkiewicz,,,Prawo i Sprawiedliwość,5509a91d273a3904f6e7228e,,Sejm,5509a8fb273a3904f6e71a64,,,http://files.parldata.eu/pl/sejm/people/5509a901273a3904f6e71be2/image.jpeg,male
5509a915273a3904f6e7209a,Mieczysław Golba,,,Klub Parlamentarny Sprawiedliwa Polska,5509a91d273a3904f6e72294,,Sejm,5509a8fb273a3904f6e71a64,,,http://files.parldata.eu/pl/sejm/people/5509a915273a3904f6e7209a/image.jpeg,male
5509a915273a3904f6e7209a,Mieczysław Golba,,,Zjednoczona Prawica,550ff3d3273a3974baf6b76b,,Sejm,5509a8fb273a3904f6e71a64,,,http://files.parldata.eu/pl/sejm/people/5509a915273a3904f6e7209a/image.jpeg,male
5509a911273a3904f6e71f9e,Mieczysław Kasprzak,,,Polskie Stronnictwo Ludowe,5509a91d273a3904f6e72292,,Sejm,5509a8fb273a3904f6e71a64,,,http://files.parldata.eu/pl/sejm/people/5509a911273a3904f6e71f9e/image.jpeg,male
5509a8ff273a3904f6e71b3a,Mieczysław Marcin Łuczak,,,Polskie Stronnictwo Ludowe,5509a91d273a3904f6e72292,,Sejm,5509a8fb273a3904f6e71a64,,,http://files.parldata.eu/pl/sejm/people/5509a8ff273a3904f6e71b3a/image.jpeg,male
5509a8fd273a3904f6e71af2,Miron Sycz,,,Platforma Obywatelska,5509a91d273a3904f6e7228c,,Sejm,5509a8fb273a3904f6e71a64,,,http://files.parldata.eu/pl/sejm/people/5509a8fd273a3904f6e71af2/image.jpeg,male
5509a910273a3904f6e71f72,Mirosław Koźlakiewicz,,,Platforma Obywatelska,5509a91d273a3904f6e7228c,,Sejm,5509a8fb273a3904f6e71a64,,,http://files.parldata.eu/pl/sejm/people/5509a910273a3904f6e71f72/image.jpeg,male
5509a90e273a3904f6e71ed6,Mirosław Maliszewski,,,Polskie Stronnictwo Ludowe,5509a91d273a3904f6e72292,,Sejm,5509a8fb273a3904f6e71a64,,,http://files.parldata.eu/pl/sejm/people/5509a90e273a3904f6e71ed6/image.jpeg,male
5509a90a273a3904f6e71dfe,Mirosław Pawlak,,,Polskie Stronnictwo Ludowe,5509a91d273a3904f6e72292,,Sejm,5509a8fb273a3904f6e71a64,,,http://files.parldata.eu/pl/sejm/people/5509a90a273a3904f6e71dfe/image.jpeg,male
5509a909273a3904f6e71daa,Mirosław Pluta,,,Platforma Obywatelska,5509a91d273a3904f6e7228c,,Sejm,5509a8fb273a3904f6e71a64,,,http://files.parldata.eu/pl/sejm/people/5509a909273a3904f6e71daa/image.jpeg,male
5509a90b273a3904f6e71e2e,Mirosława Nykiel,,,Platforma Obywatelska,5509a91d273a3904f6e7228c,,Sejm,5509a8fb273a3904f6e71a64,,,http://files.parldata.eu/pl/sejm/people/5509a90b273a3904f6e71e2e/image.jpeg,female
5509a902273a3904f6e71bf2,Monika Wielichowska,,,Platforma Obywatelska,5509a91d273a3904f6e7228c,,Sejm,5509a8fb273a3904f6e71a64,,,http://files.parldata.eu/pl/sejm/people/5509a902273a3904f6e71bf2/image.jpeg,female
5509a902273a3904f6e71bfa,Norbert Wojnarowski,,,Platforma Obywatelska,5509a91d273a3904f6e7228c,,Sejm,5509a8fb273a3904f6e71a64,,,http://files.parldata.eu/pl/sejm/people/5509a902273a3904f6e71bfa/image.jpeg,male
5509a913273a3904f6e72012,Patryk Jaki,,,Zjednoczona Prawica,550ff3d3273a3974baf6b76b,,Sejm,5509a8fb273a3904f6e71a64,,,http://files.parldata.eu/pl/sejm/people/5509a913273a3904f6e72012/image.jpeg,male
5509a913273a3904f6e72012,Patryk Jaki,,,Klub Parlamentarny Sprawiedliwa Polska,5509a91d273a3904f6e72294,,Sejm,5509a8fb273a3904f6e71a64,,,http://files.parldata.eu/pl/sejm/people/5509a913273a3904f6e72012/image.jpeg,male
5509a91b273a3904f6e7221e,Paweł Arndt,,,Platforma Obywatelska,5509a91d273a3904f6e7228c,,Sejm,5509a8fb273a3904f6e71a64,,,http://files.parldata.eu/pl/sejm/people/5509a91b273a3904f6e7221e/image.jpeg,male
5509a914273a3904f6e7207e,Paweł Graś,,,Platforma Obywatelska,5509a91d273a3904f6e7228c,,Sejm,5509a8fb273a3904f6e71a64,,,http://files.parldata.eu/pl/sejm/people/5509a914273a3904f6e7207e/image.jpeg,male
5509a8fd273a3904f6e71aea,Paweł Olszewski,,,Platforma Obywatelska,5509a91d273a3904f6e7228c,,Sejm,5509a8fb273a3904f6e71a64,,,http://files.parldata.eu/pl/sejm/people/5509a8fd273a3904f6e71aea/image.jpeg,male
5509a90a273a3904f6e71e02,Paweł Papke,,,Platforma Obywatelska,5509a91d273a3904f6e7228c,,Sejm,5509a8fb273a3904f6e71a64,,,http://files.parldata.eu/pl/sejm/people/5509a90a273a3904f6e71e02/image.jpeg,male
5509a906273a3904f6e71d16,Paweł Sajak,,,Polskie Stronnictwo Ludowe,5509a91d273a3904f6e72292,,Sejm,5509a8fb273a3904f6e71a64,,,http://files.parldata.eu/pl/sejm/people/5509a906273a3904f6e71d16/image.jpeg,male
5509a8fd273a3904f6e71aee,Paweł Suski,,,Platforma Obywatelska,5509a91d273a3904f6e7228c,,Sejm,5509a8fb273a3904f6e71a64,,,http://files.parldata.eu/pl/sejm/people/5509a8fd273a3904f6e71aee/image.jpeg,male
5509a905273a3904f6e71cbe,Paweł Szałamacha,,,Prawo i Sprawiedliwość,5509a91d273a3904f6e7228e,,Sejm,5509a8fb273a3904f6e71a64,,,http://files.parldata.eu/pl/sejm/people/5509a905273a3904f6e71cbe/image.jpeg,male
5509a91b273a3904f6e72202,Piotr Babinetz,,,Prawo i Sprawiedliwość,5509a91d273a3904f6e7228e,,Sejm,5509a8fb273a3904f6e71a64,,,http://files.parldata.eu/pl/sejm/people/5509a91b273a3904f6e72202/image.jpeg,male
5509a918273a3904f6e72166,Piotr Chmielowski,,,Sojusz Lewicy Demokratycznej,5509a91d273a3904f6e72290,,Sejm,5509a8fb273a3904f6e71a64,,,http://files.parldata.eu/pl/sejm/people/5509a918273a3904f6e72166/image.jpeg,male
5509a918273a3904f6e7214e,Piotr Cieśliński,,,Platforma Obywatelska,5509a91d273a3904f6e7228c,,Sejm,5509a8fb273a3904f6e71a64,,,http://files.parldata.eu/pl/sejm/people/5509a918273a3904f6e7214e/image.jpeg,male
5509a8ff273a3904f6e71b6e,Piotr Krzysztof Ćwik,,,Prawo i Sprawiedliwość,5509a91d273a3904f6e7228e,,Sejm,5509a8fb273a3904f6e71a64,,,http://files.parldata.eu/pl/sejm/people/5509a8ff273a3904f6e71b6e/image.jpeg,male
5509a910273a3904f6e71f4e,Piotr Król,,,Prawo i Sprawiedliwość,5509a91d273a3904f6e7228e,,Sejm,5509a8fb273a3904f6e71a64,,,http://files.parldata.eu/pl/sejm/people/5509a910273a3904f6e71f4e/image.jpeg,male
5509a90c273a3904f6e71e66,Piotr Naimski,,,Prawo i Sprawiedliwość,5509a91d273a3904f6e7228e,,Sejm,5509a8fb273a3904f6e71a64,,,http://files.parldata.eu/pl/sejm/people/5509a90c273a3904f6e71e66/image.jpeg,male
5509a91b273a3904f6e721ee,Piotr Paweł Bauć,,,Niezrzeszeni,5509a91d273a3904f6e72298,,Sejm,5509a8fb273a3904f6e71a64,,,http://files.parldata.eu/pl/sejm/people/5509a91b273a3904f6e721ee/image.jpeg,male
5509a909273a3904f6e71da2,Piotr Polak,,,Prawo i Sprawiedliwość,5509a91d273a3904f6e7228e,,Sejm,5509a8fb273a3904f6e71a64,,,http://files.parldata.eu/pl/sejm/people/5509a909273a3904f6e71da2/image.jpeg,male
5509a908273a3904f6e71d8a,Piotr Pyzik,,,Prawo i Sprawiedliwość,5509a91d273a3904f6e7228e,,Sejm,5509a8fb273a3904f6e71a64,,,http://files.parldata.eu/pl/sejm/people/5509a908273a3904f6e71d8a/image.jpeg,male
5509a904273a3904f6e71ca6,Piotr Szeliga,,,Niezrzeszeni,5509a91d273a3904f6e72298,,Sejm,5509a8fb273a3904f6e71a64,,,http://files.parldata.eu/pl/sejm/people/5509a904273a3904f6e71ca6/image.jpeg,male
5509a903273a3904f6e71c46,Piotr Tomański,,,Platforma Obywatelska,5509a91d273a3904f6e7228c,,Sejm,5509a8fb273a3904f6e71a64,,,http://files.parldata.eu/pl/sejm/people/5509a903273a3904f6e71c46/image.jpeg,male
5509a919273a3904f6e7217a,Piotr Van der Coghen,,,Platforma Obywatelska,5509a91d273a3904f6e7228c,,Sejm,5509a8fb273a3904f6e71a64,,,http://files.parldata.eu/pl/sejm/people/5509a919273a3904f6e7217a/image.jpeg,male
5509a902273a3904f6e71c1a,Piotr Walkowski,,,Polskie Stronnictwo Ludowe,5509a91d273a3904f6e72292,,Sejm,5509a8fb273a3904f6e71a64,,,http://files.parldata.eu/pl/sejm/people/5509a902273a3904f6e71c1a/image.jpeg,male
5509a900273a3904f6e71bb2,Piotr Zgorzelski,,,Polskie Stronnictwo Ludowe,5509a91d273a3904f6e72292,,Sejm,5509a8fb273a3904f6e71a64,,,http://files.parldata.eu/pl/sejm/people/5509a900273a3904f6e71bb2/image.jpeg,male
5509a91b273a3904f6e721f2,Piotr Łukasz Babiarz,,,Prawo i Sprawiedliwość,5509a91d273a3904f6e7228e,,Sejm,5509a8fb273a3904f6e71a64,,,http://files.parldata.eu/pl/sejm/people/5509a91b273a3904f6e721f2/image.jpeg,male
5509a917273a3904f6e7213e,Przemysław Czarnecki,,,Prawo i Sprawiedliwość,5509a91d273a3904f6e7228e,,Sejm,5509a8fb273a3904f6e71a64,,,http://files.parldata.eu/pl/sejm/people/5509a917273a3904f6e7213e/image.jpeg,male
5509a910273a3904f6e71f56,Przemysław Krysztofiak,,,Platforma Obywatelska,5509a91d273a3904f6e7228c,,Sejm,5509a8fb273a3904f6e71a64,,,http://resources.sejmometr.pl/mowcy/a/0/1553.jpg,male
5509a902273a3904f6e71bf6,Przemysław Wipler,,,Niezrzeszeni,5509a91d273a3904f6e72298,,Sejm,5509a8fb273a3904f6e71a64,,,http://files.parldata.eu/pl/sejm/people/5509a902273a3904f6e71bf6/image.jpeg,male
5509a905273a3904f6e71ce6,Radosław Sikorski,,,Platforma Obywatelska,5509a91d273a3904f6e7228c,,Sejm,5509a8fb273a3904f6e71a64,,,http://files.parldata.eu/pl/sejm/people/5509a905273a3904f6e71ce6/image.jpeg,male
5509a902273a3904f6e71bfe,Radosław Witkowski,,,Platforma Obywatelska,5509a91d273a3904f6e7228c,,Sejm,5509a8fb273a3904f6e71a64,,,http://files.parldata.eu/pl/sejm/people/5509a902273a3904f6e71bfe/image.jpeg,male
5509a914273a3904f6e7207a,Rafał Grupiński,,,Platforma Obywatelska,5509a91d273a3904f6e7228c,,Sejm,5509a8fb273a3904f6e71a64,,,http://files.parldata.eu/pl/sejm/people/5509a914273a3904f6e7207a/image.jpeg,male
5509a90c273a3904f6e71e8a,Rajmund Miller,,,Platforma Obywatelska,5509a91d273a3904f6e7228c,,Sejm,5509a8fb273a3904f6e71a64,,,http://files.parldata.eu/pl/sejm/people/5509a90c273a3904f6e71e8a/image.jpeg,male
5509a919273a3904f6e72182,Renata Butryn,,,Platforma Obywatelska,5509a91d273a3904f6e7228c,,Sejm,5509a8fb273a3904f6e71a64,,,http://files.parldata.eu/pl/sejm/people/5509a919273a3904f6e72182/image.jpeg,female
5509a912273a3904f6e72002,Renata Janik,,,Platforma Obywatelska,5509a91d273a3904f6e7228c,,Sejm,5509a8fb273a3904f6e71a64,,,http://files.parldata.eu/pl/sejm/people/5509a912273a3904f6e72002/image.jpeg,female
5509a900273a3904f6e71bae,Renata Zaremba,,,Platforma Obywatelska,5509a91d273a3904f6e7228c,,Sejm,5509a8fb273a3904f6e71a64,,,http://files.parldata.eu/pl/sejm/people/5509a900273a3904f6e71bae/image.jpeg,female
5509a91a273a3904f6e721d2,Robert Biedroń,,,Ruch Palikota,5509a91d273a3904f6e7229a,,Sejm,5509a8fb273a3904f6e71a64,,,http://files.parldata.eu/pl/sejm/people/5509a91a273a3904f6e721d2/image.jpeg,male
5509a913273a3904f6e72016,Robert Jagła,,,Platforma Obywatelska,5509a91d273a3904f6e7228c,,Sejm,5509a8fb273a3904f6e71a64,,,http://resources.sejmometr.pl/mowcy/a/0/1531.jpg,male
5509a911273a3904f6e71f82,Robert Kołakowski,,,Prawo i Sprawiedliwość,5509a91d273a3904f6e7228e,,Sejm,5509a8fb273a3904f6e71a64,,,http://files.parldata.eu/pl/sejm/people/5509a911273a3904f6e71f82/image.jpeg,male
5509a910273a3904f6e71f52,Robert Kropiwnicki,,,Platforma Obywatelska,5509a91d273a3904f6e7228c,,Sejm,5509a8fb273a3904f6e71a64,,,http://files.parldata.eu/pl/sejm/people/5509a910273a3904f6e71f52/image.jpeg,male
5509a90e273a3904f6e71ee2,Robert Maciaszek,,,Platforma Obywatelska,5509a91d273a3904f6e7228c,,Sejm,5509a8fb273a3904f6e71a64,,,http://resources.sejmometr.pl/mowcy/a/0/1535.jpg,male
5509a904273a3904f6e71c6e,Robert Telus,,,Prawo i Sprawiedliwość,5509a91d273a3904f6e7228e,,Sejm,5509a8fb273a3904f6e71a64,,,http://files.parldata.eu/pl/sejm/people/5509a904273a3904f6e71c6e/image.jpeg,male
5509a903273a3904f6e71c2e,Robert Tyszkiewicz,,,Platforma Obywatelska,5509a91d273a3904f6e7228c,,Sejm,5509a8fb273a3904f6e71a64,,,http://files.parldata.eu/pl/sejm/people/5509a903273a3904f6e71c2e/image.jpeg,male
5509a902273a3904f6e71c26,Robert Wardzała,,,Platforma Obywatelska,5509a91d273a3904f6e7228c,,Sejm,5509a8fb273a3904f6e71a64,,,http://files.parldata.eu/pl/sejm/people/5509a902273a3904f6e71c26/image.jpeg,male
5509a8fc273a3904f6e71aa2,Roman Jacek Kosecki,,,Platforma Obywatelska,5509a91d273a3904f6e7228c,,Sejm,5509a8fb273a3904f6e71a64,,,http://files.parldata.eu/pl/sejm/people/5509a8fc273a3904f6e71aa2/image.jpeg,male
5509a912273a3904f6e71fce,Roman Kaczor,,,Platforma Obywatelska,5509a91d273a3904f6e7228c,,Sejm,5509a8fb273a3904f6e71a64,,,http://files.parldata.eu/pl/sejm/people/5509a912273a3904f6e71fce/image.jpeg,male
5509a8fc273a3904f6e71a9e,Roman Kotliński,,,Koło poselskie Bezpieczeństwo i Gospodarka,5509a91d273a3904f6e72296,,Sejm,5509a8fb273a3904f6e71a64,,,http://files.parldata.eu/pl/sejm/people/5509a8fc273a3904f6e71a9e/image.jpeg,male
5509a8fc273a3904f6e71a9e,Roman Kotliński,,,Niezrzeszeni,5509a91d273a3904f6e72298,,Sejm,5509a8fb273a3904f6e71a64,,,http://files.parldata.eu/pl/sejm/people/5509a8fc273a3904f6e71a9e/image.jpeg,male
5509a91c273a3904f6e72232,Romuald Ajchler,,,Sojusz Lewicy Demokratycznej,5509a91d273a3904f6e72290,,Sejm,5509a8fb273a3904f6e71a64,,,http://files.parldata.eu/pl/sejm/people/5509a91c273a3904f6e72232/image.jpeg,male
5509a915273a3904f6e720b6,Romuald Garczewski,,,Polskie Stronnictwo Ludowe,5509a91d273a3904f6e72292,,Sejm,5509a8fb273a3904f6e71a64,,,http://resources.sejmometr.pl/mowcy/a/0/1563.jpg,male
5509a916273a3904f6e720da,Ryszard Galla,,,Niezrzeszeni,5509a91d273a3904f6e72298,,Sejm,5509a8fb273a3904f6e71a64,,,http://files.parldata.eu/pl/sejm/people/5509a916273a3904f6e720da/image.jpeg,male
5509a911273a3904f6e71fbe,Ryszard Kalisz,,,Niezrzeszeni,5509a91d273a3904f6e72298,,Sejm,5509a8fb273a3904f6e71a64,,,http://files.parldata.eu/pl/sejm/people/5509a911273a3904f6e71fbe/image.jpeg,male
5509a904273a3904f6e71c6a,Ryszard Terlecki,,,Prawo i Sprawiedliwość,5509a91d273a3904f6e7228e,,Sejm,5509a8fb273a3904f6e71a64,,,http://files.parldata.eu/pl/sejm/people/5509a904273a3904f6e71c6a/image.jpeg,male
5509a900273a3904f6e71b9e,Ryszard Zawadzki,,,Platforma Obywatelska,5509a91d273a3904f6e7228c,,Sejm,5509a8fb273a3904f6e71a64,,,http://files.parldata.eu/pl/sejm/people/5509a900273a3904f6e71b9e/image.jpeg,male
5509a900273a3904f6e71b92,Ryszard Zbrzyzny,,,Sojusz Lewicy Demokratycznej,5509a91d273a3904f6e72290,,Sejm,5509a8fb273a3904f6e71a64,,,http://files.parldata.eu/pl/sejm/people/5509a900273a3904f6e71b92/image.jpeg,male
5509a918273a3904f6e7216e,Stanisław Chmielewski,,,Platforma Obywatelska,5509a91d273a3904f6e7228c,,Sejm,5509a8fb273a3904f6e71a64,,,,male
5509a916273a3904f6e720ca,Stanisław Gawłowski,,,Platforma Obywatelska,5509a91d273a3904f6e7228c,,Sejm,5509a8fb273a3904f6e71a64,,,http://files.parldata.eu/pl/sejm/people/5509a916273a3904f6e720ca/image.jpeg,male
5509a913273a3904f6e72026,Stanisław Huskowski,,,Platforma Obywatelska,5509a91d273a3904f6e7228c,,Sejm,5509a8fb273a3904f6e71a64,,,http://files.parldata.eu/pl/sejm/people/5509a913273a3904f6e72026/image.jpeg,male
5509a912273a3904f6e71fda,Stanisław Kalemba,,,Polskie Stronnictwo Ludowe,5509a91d273a3904f6e72292,,Sejm,5509a8fb273a3904f6e71a64,,,http://files.parldata.eu/pl/sejm/people/5509a912273a3904f6e71fda/image.jpeg,male
5509a90e273a3904f6e71f06,Stanisław Lamczyk,,,Platforma Obywatelska,5509a91d273a3904f6e7228c,,Sejm,5509a8fb273a3904f6e71a64,,,http://files.parldata.eu/pl/sejm/people/5509a90e273a3904f6e71f06/image.jpeg,male
5509a90b273a3904f6e71e1a,Stanisław Ożóg,,,Prawo i Sprawiedliwość,5509a91d273a3904f6e7228e,,Sejm,5509a8fb273a3904f6e71a64,,,http://files.parldata.eu/pl/sejm/people/5509a90b273a3904f6e71e1a/image.jpeg,male
5509a909273a3904f6e71dca,Stanisław Piotrowicz,,,Prawo i Sprawiedliwość,5509a91d273a3904f6e7228e,,Sejm,5509a8fb273a3904f6e71a64,,,http://files.parldata.eu/pl/sejm/people/5509a909273a3904f6e71dca/image.jpeg,male
5509a90a273a3904f6e71dd6,Stanisław Pięta,,,Prawo i Sprawiedliwość,5509a91d273a3904f6e7228e,,Sejm,5509a8fb273a3904f6e71a64,,,http://files.parldata.eu/pl/sejm/people/5509a90a273a3904f6e71dd6/image.jpeg,male
5509a904273a3904f6e71c8e,Stanisław Szwed,,,Prawo i Sprawiedliwość,5509a91d273a3904f6e7228e,,Sejm,5509a8fb273a3904f6e71a64,,,http://files.parldata.eu/pl/sejm/people/5509a904273a3904f6e71c8e/image.jpeg,male
5509a901273a3904f6e71bc6,Stanisław Wziątek,,,Sojusz Lewicy Demokratycznej,5509a91d273a3904f6e72290,,Sejm,5509a8fb273a3904f6e71a64,,,http://files.parldata.eu/pl/sejm/people/5509a901273a3904f6e71bc6/image.jpeg,male
5509a8ff273a3904f6e71b52,Stanisław Żelichowski,,,Polskie Stronnictwo Ludowe,5509a91d273a3904f6e72292,,Sejm,5509a8fb273a3904f6e71a64,,,http://files.parldata.eu/pl/sejm/people/5509a8ff273a3904f6e71b52/image.jpeg,male
5509a8ff273a3904f6e71b62,Stanisław Żmijan,,,Platforma Obywatelska,5509a91d273a3904f6e7228c,,Sejm,5509a8fb273a3904f6e71a64,,,http://files.parldata.eu/pl/sejm/people/5509a8ff273a3904f6e71b62/image.jpeg,male
5509a908273a3904f6e71d7a,Stanisława Prządka,,,Sojusz Lewicy Demokratycznej,5509a91d273a3904f6e72290,,Sejm,5509a8fb273a3904f6e71a64,,,http://files.parldata.eu/pl/sejm/people/5509a908273a3904f6e71d7a/image.jpeg,female
5509a90b273a3904f6e71e3e,Stefan Niesiołowski,,,Platforma Obywatelska,5509a91d273a3904f6e7228c,,Sejm,5509a8fb273a3904f6e71a64,,,http://files.parldata.eu/pl/sejm/people/5509a90b273a3904f6e71e3e/image.jpeg,male
5509a8fe273a3904f6e71b0e,Stefan Strzałkowski,,,Prawo i Sprawiedliwość,5509a91d273a3904f6e7228e,,Sejm,5509a8fb273a3904f6e71a64,,,http://files.parldata.eu/pl/sejm/people/5509a8fe273a3904f6e71b0e/image.jpeg,male
5509a915273a3904f6e720b2,Szymon Giżyński,,,Prawo i Sprawiedliwość,5509a91d273a3904f6e7228e,,Sejm,5509a8fb273a3904f6e71a64,,,http://files.parldata.eu/pl/sejm/people/5509a915273a3904f6e720b2/image.jpeg,male
5509a90a273a3904f6e71de2,Sławomir Jan Piechota,,,Platforma Obywatelska,5509a91d273a3904f6e7228c,,Sejm,5509a8fb273a3904f6e71a64,,,http://files.parldata.eu/pl/sejm/people/5509a90a273a3904f6e71de2/image.jpeg,male
5509a8fc273a3904f6e71aae,Sławomir Kopyciński,,,Niezrzeszeni,5509a91d273a3904f6e72298,,Sejm,5509a8fb273a3904f6e71a64,,,http://files.parldata.eu/pl/sejm/people/5509a8fc273a3904f6e71aae/image.jpeg,male
5509a8fc273a3904f6e71aae,Sławomir Kopyciński,,,Biało-Czerwoni,55a28a14273a390852248077,,Sejm,5509a8fb273a3904f6e71a64,,,http://files.parldata.eu/pl/sejm/people/5509a8fc273a3904f6e71aae/image.jpeg,male
5509a8fc273a3904f6e71a92,Sławomir Kowalski,,,Platforma Obywatelska,5509a91d273a3904f6e7228c,,Sejm,5509a8fb273a3904f6e71a64,,,http://files.parldata.eu/pl/sejm/people/5509a8fc273a3904f6e71a92/image.jpeg,male
5509a90f273a3904f6e71f22,Sławomir Kłosowski,,,Prawo i Sprawiedliwość,5509a91d273a3904f6e7228e,,Sejm,5509a8fb273a3904f6e71a64,,,http://files.parldata.eu/pl/sejm/people/5509a90f273a3904f6e71f22/image.jpeg,male
5509a90c273a3904f6e71e5e,Sławomir Neumann,,,Platforma Obywatelska,5509a91d273a3904f6e7228c,,Sejm,5509a8fb273a3904f6e71a64,,,http://files.parldata.eu/pl/sejm/people/5509a90c273a3904f6e71e5e/image.jpeg,male
5509a8fd273a3904f6e71ace,Sławomir Nowak,,,Niezrzeszeni,5509a91d273a3904f6e72298,,Sejm,5509a8fb273a3904f6e71a64,,,http://files.parldata.eu/pl/sejm/people/5509a8fd273a3904f6e71ace/image.jpeg,male
5509a907273a3904f6e71d2e,Sławomir Rybicki,,,Platforma Obywatelska,5509a91d273a3904f6e7228c,,Sejm,5509a8fb273a3904f6e71a64,,,http://files.parldata.eu/pl/sejm/people/5509a907273a3904f6e71d2e/image.jpeg,male
5509a900273a3904f6e71b9a,Sławomir Zawiślak,,,Prawo i Sprawiedliwość,5509a91d273a3904f6e7228e,,Sejm,5509a8fb273a3904f6e71a64,,,http://files.parldata.eu/pl/sejm/people/5509a900273a3904f6e71b9a/image.jpeg,male
5509a91b273a3904f6e72226,Tadeusz Arkit,,,Platforma Obywatelska,5509a91d273a3904f6e7228c,,Sejm,5509a8fb273a3904f6e71a64,,,http://files.parldata.eu/pl/sejm/people/5509a91b273a3904f6e72226/image.jpeg,male
5509a91b273a3904f6e72222,Tadeusz Aziewicz,,,Platforma Obywatelska,5509a91d273a3904f6e7228c,,Sejm,5509a8fb273a3904f6e71a64,,,http://files.parldata.eu/pl/sejm/people/5509a91b273a3904f6e72222/image.jpeg,male
5509a916273a3904f6e720de,Tadeusz Dziuba,,,Prawo i Sprawiedliwość,5509a91d273a3904f6e7228e,,Sejm,5509a8fb273a3904f6e71a64,,,http://files.parldata.eu/pl/sejm/people/5509a916273a3904f6e720de/image.jpeg,male
5509a913273a3904f6e7203e,Tadeusz Iwiński,,,Sojusz Lewicy Demokratycznej,5509a91d273a3904f6e72290,,Sejm,5509a8fb273a3904f6e71a64,,,http://files.parldata.eu/pl/sejm/people/5509a913273a3904f6e7203e/image.jpeg,male
5509a912273a3904f6e71ff6,Tadeusz Jarmuziewicz,,,Platforma Obywatelska,5509a91d273a3904f6e7228c,,Sejm,5509a8fb273a3904f6e71a64,,,http://files.parldata.eu/pl/sejm/people/5509a912273a3904f6e71ff6/image.jpeg,male
5509a90c273a3904f6e71e6a,Tadeusz Naguszewski,,,Platforma Obywatelska,5509a91d273a3904f6e7228c,,Sejm,5509a8fb273a3904f6e71a64,,,http://resources.sejmometr.pl/mowcy/a/0/1554.jpg,male
5509a903273a3904f6e71c32,Tadeusz Tomaszewski,,,Sojusz Lewicy Demokratycznej,5509a91d273a3904f6e72290,,Sejm,5509a8fb273a3904f6e71a64,,,http://files.parldata.eu/pl/sejm/people/5509a903273a3904f6e71c32/image.jpeg,male
5509a901273a3904f6e71bda,Tadeusz Woźniak,,,Zjednoczona Prawica,550ff3d3273a3974baf6b76b,,Sejm,5509a8fb273a3904f6e71a64,,,http://files.parldata.eu/pl/sejm/people/5509a901273a3904f6e71bda/image.jpeg,male
5509a901273a3904f6e71bda,Tadeusz Woźniak,,,Klub Parlamentarny Sprawiedliwa Polska,5509a91d273a3904f6e72294,,Sejm,5509a8fb273a3904f6e71a64,,,http://files.parldata.eu/pl/sejm/people/5509a901273a3904f6e71bda/image.jpeg,male
5509a913273a3904f6e7202e,Teresa Hoppe,,,Platforma Obywatelska,5509a91d273a3904f6e7228c,,Sejm,5509a8fb273a3904f6e71a64,,,http://files.parldata.eu/pl/sejm/people/5509a913273a3904f6e7202e/image.jpeg,female
5509a909273a3904f6e71dc6,Teresa Piotrowska,,,Platforma Obywatelska,5509a91d273a3904f6e7228c,,Sejm,5509a8fb273a3904f6e71a64,,,http://files.parldata.eu/pl/sejm/people/5509a909273a3904f6e71dc6/image.jpeg,female
5509a8fe273a3904f6e71b22,Teresa Świło,,,Platforma Obywatelska,5509a91d273a3904f6e7228c,,Sejm,5509a8fb273a3904f6e71a64,,,http://files.parldata.eu/pl/sejm/people/5509a8fe273a3904f6e71b22/image.jpeg,female
5509a915273a3904f6e720c2,Tomasz Garbowski,,,Sojusz Lewicy Demokratycznej,5509a91d273a3904f6e72290,,Sejm,5509a8fb273a3904f6e71a64,,,http://files.parldata.eu/pl/sejm/people/5509a915273a3904f6e720c2/image.jpeg,male
5509a914273a3904f6e7204e,Tomasz Górski,,,Niezrzeszeni,5509a91d273a3904f6e72298,,Sejm,5509a8fb273a3904f6e71a64,,,http://files.parldata.eu/pl/sejm/people/5509a914273a3904f6e7204e/image.jpeg,male
5509a914273a3904f6e7206a,Tomasz Głogowski,,,Platforma Obywatelska,5509a91d273a3904f6e7228c,,Sejm,5509a8fb273a3904f6e71a64,,,http://files.parldata.eu/pl/sejm/people/5509a914273a3904f6e7206a/image.jpeg,male
5509a911273a3904f6e71fca,Tomasz Kaczmarek,,,Niezrzeszeni,5509a91d273a3904f6e72298,,Sejm,5509a8fb273a3904f6e71a64,,,http://files.parldata.eu/pl/sejm/people/5509a911273a3904f6e71fca/image.jpeg,male
5509a911273a3904f6e71fba,Tomasz Kamiński,,,Sojusz Lewicy Demokratycznej,5509a91d273a3904f6e72290,,Sejm,5509a8fb273a3904f6e71a64,,,http://files.parldata.eu/pl/sejm/people/5509a911273a3904f6e71fba/image.jpeg,male
5509a910273a3904f6e71f46,Tomasz Kulesza,,,Platforma Obywatelska,5509a91d273a3904f6e7228c,,Sejm,5509a8fb273a3904f6e71a64,,,http://files.parldata.eu/pl/sejm/people/5509a910273a3904f6e71f46/image.jpeg,male
5509a90e273a3904f6e71ee6,Tomasz Latos,,,Prawo i Sprawiedliwość,5509a91d273a3904f6e7228e,,Sejm,5509a8fb273a3904f6e71a64,,,http://files.parldata.eu/pl/sejm/people/5509a90e273a3904f6e71ee6/image.jpeg,male
5509a90e273a3904f6e71ef2,Tomasz Lenz,,,Platforma Obywatelska,5509a91d273a3904f6e7228c,,Sejm,5509a8fb273a3904f6e71a64,,,http://files.parldata.eu/pl/sejm/people/5509a90e273a3904f6e71ef2/image.jpeg,male
5509a90e273a3904f6e71ed2,Tomasz Makowski,,,Polskie Stronnictwo Ludowe,5509a91d273a3904f6e72292,,Sejm,5509a8fb273a3904f6e71a64,,,http://files.parldata.eu/pl/sejm/people/5509a90e273a3904f6e71ed2/image.jpeg,male
5509a8fd273a3904f6e71aca,Tomasz Piotr Nowak,,,Platforma Obywatelska,5509a91d273a3904f6e7228c,,Sejm,5509a8fb273a3904f6e71a64,,,http://files.parldata.eu/pl/sejm/people/5509a8fd273a3904f6e71aca/image.jpeg,male
5509a906273a3904f6e71cea,Tomasz Smolarz,,,Platforma Obywatelska,5509a91d273a3904f6e7228c,,Sejm,5509a8fb273a3904f6e71a64,,,http://files.parldata.eu/pl/sejm/people/5509a906273a3904f6e71cea/image.jpeg,male
5509a904273a3904f6e71c8a,Tomasz Szymański,,,Platforma Obywatelska,5509a91d273a3904f6e7228c,,Sejm,5509a8fb273a3904f6e71a64,,,http://files.parldata.eu/pl/sejm/people/5509a904273a3904f6e71c8a/image.jpeg,male
5509a903273a3904f6e71c3a,Tomasz Tomczykiewicz,,,Platforma Obywatelska,5509a91d273a3904f6e7228c,,Sejm,5509a8fb273a3904f6e71a64,,,http://files.parldata.eu/pl/sejm/people/5509a903273a3904f6e71c3a/image.jpeg,male
5509a91b273a3904f6e7220e,Urszula Augustyn,,,Platforma Obywatelska,5509a91d273a3904f6e7228c,,Sejm,5509a8fb273a3904f6e71a64,,,http://files.parldata.eu/pl/sejm/people/5509a91b273a3904f6e7220e/image.jpeg,female
5509a90a273a3904f6e71e06,Urszula Pasławska,,,Polskie Stronnictwo Ludowe,5509a91d273a3904f6e72292,,Sejm,5509a8fb273a3904f6e71a64,,,,female
55a289fc273a39085224806b,Urszula Rusecka,,,Prawo i Sprawiedliwość,5509a91d273a3904f6e7228e,,Sejm,5509a8fb273a3904f6e71a64,,,http://resources.sejmometr.pl/mowcy/a/0/1583.jpg,female
5509a91c273a3904f6e7223a,Waldemar Andzel,,,Prawo i Sprawiedliwość,5509a91d273a3904f6e7228e,,Sejm,5509a8fb273a3904f6e71a64,,,http://files.parldata.eu/pl/sejm/people/5509a91c273a3904f6e7223a/image.jpeg,male
5509a90a273a3904f6e71df6,Waldemar Pawlak,,,Polskie Stronnictwo Ludowe,5509a91d273a3904f6e72292,,Sejm,5509a8fb273a3904f6e71a64,,,http://files.parldata.eu/pl/sejm/people/5509a90a273a3904f6e71df6/image.jpeg,male
5509a903273a3904f6e71c62,Waldemar Sługocki,,,Platforma Obywatelska,5509a91d273a3904f6e7228c,,Sejm,5509a8fb273a3904f6e71a64,,,http://files.parldata.eu/pl/sejm/people/5509a903273a3904f6e71c62/image.jpeg,male
5509a916273a3904f6e720ea,Waldy Dzikowski,,,Platforma Obywatelska,5509a91d273a3904f6e7228c,,Sejm,5509a8fb273a3904f6e71a64,,,http://files.parldata.eu/pl/sejm/people/5509a916273a3904f6e720ea/image.jpeg,male
5509a90b273a3904f6e71e36,Wanda Nowicka,,,Niezrzeszeni,5509a91d273a3904f6e72298,,Sejm,5509a8fb273a3904f6e71a64,,,http://files.parldata.eu/pl/sejm/people/5509a90b273a3904f6e71e36/image.jpeg,female
5509a913273a3904f6e7200a,Wiesław Janczyk,,,Prawo i Sprawiedliwość,5509a91d273a3904f6e7228e,,Sejm,5509a8fb273a3904f6e71a64,,,http://files.parldata.eu/pl/sejm/people/5509a913273a3904f6e7200a/image.jpeg,male
5509a8fe273a3904f6e71b12,Wiesław Suchowiejko,,,Platforma Obywatelska,5509a91d273a3904f6e7228c,,Sejm,5509a8fb273a3904f6e71a64,,,http://files.parldata.eu/pl/sejm/people/5509a8fe273a3904f6e71b12/image.jpeg,male
5509a8fb273a3904f6e71a7e,Wincenty Elsner,,,Sojusz Lewicy Demokratycznej,5509a91d273a3904f6e72290,,Sejm,5509a8fb273a3904f6e71a64,,,http://files.parldata.eu/pl/sejm/people/5509a8fb273a3904f6e71a7e/image.jpeg,male
5509a918273a3904f6e72142,Witold Czarnecki,,,Prawo i Sprawiedliwość,5509a91d273a3904f6e7228e,,Sejm,5509a8fb273a3904f6e71a64,,,http://files.parldata.eu/pl/sejm/people/5509a918273a3904f6e72142/image.jpeg,male
5509a910273a3904f6e71f7a,Witold Klepacz,,,Ruch Palikota,5509a91d273a3904f6e7229a,,Sejm,5509a8fb273a3904f6e71a64,,,http://files.parldata.eu/pl/sejm/people/5509a910273a3904f6e71f7a/image.jpeg,male
5509a910273a3904f6e71f7a,Witold Klepacz,,,Sojusz Lewicy Demokratycznej,5509a91d273a3904f6e72290,,Sejm,5509a8fb273a3904f6e71a64,,,http://files.parldata.eu/pl/sejm/people/5509a910273a3904f6e71f7a/image.jpeg,male
5509a90a273a3904f6e71e0a,Witold Pahl,,,Platforma Obywatelska,5509a91d273a3904f6e7228c,,Sejm,5509a8fb273a3904f6e71a64,,,http://files.parldata.eu/pl/sejm/people/5509a90a273a3904f6e71e0a/image.jpeg,male
5509a902273a3904f6e71c12,Witold Waszczykowski,,,Prawo i Sprawiedliwość,5509a91d273a3904f6e7228e,,Sejm,5509a8fb273a3904f6e71a64,,,http://files.parldata.eu/pl/sejm/people/5509a902273a3904f6e71c12/image.jpeg,male
5509a912273a3904f6e71ffa,Wojciech Jasiński,,,Prawo i Sprawiedliwość,5509a91d273a3904f6e7228e,,Sejm,5509a8fb273a3904f6e71a64,,,http://files.parldata.eu/pl/sejm/people/5509a912273a3904f6e71ffa/image.jpeg,male
5509a90a273a3904f6e71de6,Wojciech Penkalski,,,Koło poselskie Bezpieczeństwo i Gospodarka,5509a91d273a3904f6e72296,,Sejm,5509a8fb273a3904f6e71a64,,,http://files.parldata.eu/pl/sejm/people/5509a90a273a3904f6e71de6/image.jpeg,male
5509a90a273a3904f6e71de6,Wojciech Penkalski,,,Niezrzeszeni,5509a91d273a3904f6e72298,,Sejm,5509a8fb273a3904f6e71a64,,,http://files.parldata.eu/pl/sejm/people/5509a90a273a3904f6e71de6/image.jpeg,male
5509a906273a3904f6e71d0a,Wojciech Saługa,,,Platforma Obywatelska,5509a91d273a3904f6e7228c,,Sejm,5509a8fb273a3904f6e71a64,,,http://files.parldata.eu/pl/sejm/people/5509a906273a3904f6e71d0a/image.jpeg,male
5509a905273a3904f6e71cb2,Wojciech Szarama,,,Prawo i Sprawiedliwość,5509a91d273a3904f6e7228e,,Sejm,5509a8fb273a3904f6e71a64,,,http://files.parldata.eu/pl/sejm/people/5509a905273a3904f6e71cb2/image.jpeg,male
5509a900273a3904f6e71b86,Wojciech Ziemniak,,,Platforma Obywatelska,5509a91d273a3904f6e7228c,,Sejm,5509a8fb273a3904f6e71a64,,,http://files.parldata.eu/pl/sejm/people/5509a900273a3904f6e71b86/image.jpeg,male
5509a900273a3904f6e71b8e,Wojciech Zubowski,,,Prawo i Sprawiedliwość,5509a91d273a3904f6e7228e,,Sejm,5509a8fb273a3904f6e71a64,,,http://files.parldata.eu/pl/sejm/people/5509a900273a3904f6e71b8e/image.jpeg,male
5509a91a273a3904f6e721da,Włodzimierz Bernacki,,,Prawo i Sprawiedliwość,5509a91d273a3904f6e7228e,,Sejm,5509a8fb273a3904f6e71a64,,,http://files.parldata.eu/pl/sejm/people/5509a91a273a3904f6e721da/image.jpeg,male
5509a911273a3904f6e71fae,Włodzimierz Karpiński,,,Platforma Obywatelska,5509a91d273a3904f6e7228c,,Sejm,5509a8fb273a3904f6e71a64,,,http://files.parldata.eu/pl/sejm/people/5509a911273a3904f6e71fae/image.jpeg,male
5509a91a273a3904f6e721ea,Zbigniew Babalski,,,Prawo i Sprawiedliwość,5509a91d273a3904f6e7228e,,Sejm,5509a8fb273a3904f6e71a64,,,http://files.parldata.eu/pl/sejm/people/5509a91a273a3904f6e721ea/image.jpeg,male
5509a918273a3904f6e72162,Zbigniew Chmielowiec,,,Prawo i Sprawiedliwość,5509a91d273a3904f6e7228e,,Sejm,5509a8fb273a3904f6e71a64,,,http://files.parldata.eu/pl/sejm/people/5509a918273a3904f6e72162/image.jpeg,male
5509a917273a3904f6e7210a,Zbigniew Dolata,,,Prawo i Sprawiedliwość,5509a91d273a3904f6e7228e,,Sejm,5509a8fb273a3904f6e71a64,,,http://files.parldata.eu/pl/sejm/people/5509a917273a3904f6e7210a/image.jpeg,male
5509a916273a3904f6e720ce,Zbigniew Girzyński,,,Niezrzeszeni,5509a91d273a3904f6e72298,,Sejm,5509a8fb273a3904f6e71a64,,,http://files.parldata.eu/pl/sejm/people/5509a916273a3904f6e720ce/image.jpeg,male
5509a8fc273a3904f6e71ab2,Zbigniew Konwiński,,,Platforma Obywatelska,5509a91d273a3904f6e7228c,,Sejm,5509a8fb273a3904f6e71a64,,,http://files.parldata.eu/pl/sejm/people/5509a8fc273a3904f6e71ab2/image.jpeg,male
5509a90f273a3904f6e71f32,Zbigniew Kuźmiuk,,,Prawo i Sprawiedliwość,5509a91d273a3904f6e7228e,,Sejm,5509a8fb273a3904f6e71a64,,,http://files.parldata.eu/pl/sejm/people/5509a90f273a3904f6e71f32/image.jpeg,male
5509a90d273a3904f6e71eaa,Zbigniew Matuszczak,,,Sojusz Lewicy Demokratycznej,5509a91d273a3904f6e72290,,Sejm,5509a8fb273a3904f6e71a64,,,http://files.parldata.eu/pl/sejm/people/5509a90d273a3904f6e71eaa/image.jpeg,male
5509a90a273a3904f6e71e12,Zbigniew Pacelt,,,Platforma Obywatelska,5509a91d273a3904f6e7228c,,Sejm,5509a8fb273a3904f6e71a64,,,http://files.parldata.eu/pl/sejm/people/5509a90a273a3904f6e71e12/image.jpeg,male
5509a907273a3904f6e71d26,Zbigniew Rynasiewicz,,,Platforma Obywatelska,5509a91d273a3904f6e7228c,,Sejm,5509a8fb273a3904f6e71a64,,,http://files.parldata.eu/pl/sejm/people/5509a907273a3904f6e71d26/image.jpeg,male
5509a905273a3904f6e71cc6,Zbigniew Sosnowski,,,Polskie Stronnictwo Ludowe,5509a91d273a3904f6e72292,,Sejm,5509a8fb273a3904f6e71a64,,,http://files.parldata.eu/pl/sejm/people/5509a905273a3904f6e71cc6/image.jpeg,male
5509a901273a3904f6e71bca,Zbigniew Włodkowski,,,Polskie Stronnictwo Ludowe,5509a91d273a3904f6e72292,,Sejm,5509a8fb273a3904f6e71a64,,,http://files.parldata.eu/pl/sejm/people/5509a901273a3904f6e71bca/image.jpeg,male
5509a901273a3904f6e71bba,Zbyszek Zaborowski,,,Sojusz Lewicy Demokratycznej,5509a91d273a3904f6e72290,,Sejm,5509a8fb273a3904f6e71a64,,,http://files.parldata.eu/pl/sejm/people/5509a901273a3904f6e71bba/image.jpeg,male
5509a916273a3904f6e720f6,Zenon Durka,,,Platforma Obywatelska,5509a91d273a3904f6e7228c,,Sejm,5509a8fb273a3904f6e71a64,,,http://files.parldata.eu/pl/sejm/people/5509a916273a3904f6e720f6/image.jpeg,male
5509a917273a3904f6e72126,Zofia Czernow,,,Platforma Obywatelska,5509a91d273a3904f6e7228c,,Sejm,5509a8fb273a3904f6e71a64,,,http://files.parldata.eu/pl/sejm/people/5509a917273a3904f6e72126/image.jpeg,female
5509a908273a3904f6e71d96,Zofia Popiołek,,,Ruch Palikota,5509a91d273a3904f6e7229a,,Sejm,5509a8fb273a3904f6e71a64,,,http://files.parldata.eu/pl/sejm/people/5509a908273a3904f6e71d96/image.jpeg,female
5509a908273a3904f6e71d96,Zofia Popiołek,,,Niezrzeszeni,5509a91d273a3904f6e72298,,Sejm,5509a8fb273a3904f6e71a64,,,http://files.parldata.eu/pl/sejm/people/5509a908273a3904f6e71d96/image.jpeg,female
5509a8ff273a3904f6e71b56,Zofia Ławrynowicz,,,Platforma Obywatelska,5509a91d273a3904f6e7228c,,Sejm,5509a8fb273a3904f6e71a64,,,http://files.parldata.eu/pl/sejm/people/5509a8ff273a3904f6e71b56/image.jpeg,female
5509a90c273a3904f6e71e7a,imie_nazwisko,,,Zjednoczona Prawica,550ff3d3273a3974baf6b76b,,Sejm,5509a8fb273a3904f6e71a64,,,http://files.parldata.eu/pl/sejm/people/5509a90c273a3904f6e71e7a/image.jpeg,male
5509a90c273a3904f6e71e7a,imie_nazwisko,,,Klub Parlamentarny Sprawiedliwa Polska,5509a91d273a3904f6e72294,,Sejm,5509a8fb273a3904f6e71a64,,,http://files.parldata.eu/pl/sejm/people/5509a90c273a3904f6e71e7a/image.jpeg,male
5509a919273a3904f6e721aa,Łukasz Borowiak,,,Platforma Obywatelska,5509a91d273a3904f6e7228c,,Sejm,5509a8fb273a3904f6e71a64,,,http://files.parldata.eu/pl/sejm/people/5509a919273a3904f6e721aa/image.jpeg,male
5509a915273a3904f6e720be,Łukasz Gibała,,,Niezrzeszeni,5509a91d273a3904f6e72298,,Sejm,5509a8fb273a3904f6e71a64,,,http://files.parldata.eu/pl/sejm/people/5509a915273a3904f6e720be/image.jpeg,male
5509a910273a3904f6e71f5a,Łukasz Krupa,,,Ruch Palikota,5509a91d273a3904f6e7229a,,Sejm,5509a8fb273a3904f6e71a64,,,http://files.parldata.eu/pl/sejm/people/5509a910273a3904f6e71f5a/image.jpeg,male
5509a910273a3904f6e71f5a,Łukasz Krupa,,,Niezrzeszeni,5509a91d273a3904f6e72298,,Sejm,5509a8fb273a3904f6e71a64,,,http://files.parldata.eu/pl/sejm/people/5509a910273a3904f6e71f5a/image.jpeg,male
5509a903273a3904f6e71c4e,Łukasz Tusk,,,Platforma Obywatelska,5509a91d273a3904f6e7228c,,Sejm,5509a8fb273a3904f6e71a64,,,http://files.parldata.eu/pl/sejm/people/5509a903273a3904f6e71c4e/image.jpeg,male
5509a900273a3904f6e71ba2,Łukasz Zbonikowski,,,Prawo i Sprawiedliwość,5509a91d273a3904f6e7228e,,Sejm,5509a8fb273a3904f6e71a64,,,http://files.parldata.eu/pl/sejm/people/5509a900273a3904f6e71ba2/image.jpeg,male
